 MASS (IN MSUN)= 15.000
 X=  .740 Y=  .240
 L=  1000.
 GUESSED PERIOD=  2.000000E+02 SEC
 NTRY=  1 EIG=  9.8696044E-04 DEIG=  4.32630E-06
 NTRY=  2 EIG=  9.9128674E-04 DEIG= -5.15358E-05
 NTRY=  3 EIG=  9.3975095E-04 DEIG=  5.97407E-06
 NTRY=  4 EIG=  9.4572502E-04 DEIG=  2.58461E-07
 NTRY=  5 EIG=  9.4598348E-04 DEIG= -3.16473E-10
 FINAL VALUES: PERIOD=   2.042858E+02 EIG=  9.459831665E-04
 12 NODES IN Y1     9 NODES IN Y2 
     PHASE DIAGRAM MODE  -4
                   2(N, R/R* ,  Y1  ,  Y2)
   2   .035364  8.1709E+23  5.0593E+23   3   .044942  8.2405E+23  5.0793E+23
   4   .051833  8.2518E+23  5.1153E+23   5   .057461  8.2622E+23  5.1456E+23
   6   .062335  8.2719E+23  5.1732E+23   7   .066704  8.2813E+23  5.1993E+23
   8   .070710  8.2904E+23  5.2244E+23   9   .074442  8.2993E+23  5.2489E+23
  10   .077961  8.3080E+23  5.2731E+23  11   .081310  8.3167E+23  5.2971E+23
  12   .084520  8.3252E+23  5.3210E+23  13   .087615  8.3338E+23  5.3449E+23
  14   .090616  8.3423E+23  5.3689E+23  15   .093536  8.3508E+23  5.3931E+23
  16   .096388  8.3594E+23  5.4174E+23  17   .099182  8.3680E+23  5.4420E+23
  18   .101928  8.3766E+23  5.4669E+23  19   .104632  8.3852E+23  5.4920E+23
  20   .107301  8.3939E+23  5.5176E+23  21   .109939  8.4027E+23  5.5435E+23
  22   .112552  8.4116E+23  5.5699E+23  23   .115145  8.4205E+23  5.5967E+23
  24   .117720  8.4295E+23  5.6240E+23  25   .120281  8.4386E+23  5.6518E+23
  26   .122831  8.4477E+23  5.6801E+23  27   .125373  8.4570E+23  5.7090E+23
  28   .127909  8.4664E+23  5.7385E+23  29   .130441  8.4758E+23  5.7686E+23
  30   .132973  8.4854E+23  5.7993E+23  31   .135505  8.4951E+23  5.8307E+23
  32   .138039  8.5049E+23  5.8628E+23  33   .140577  8.5148E+23  5.8957E+23
  34   .143121  8.5248E+23  5.9292E+23  35   .145672  8.5349E+23  5.9636E+23
  36   .148232  8.5451E+23  5.9988E+23  37   .150801  8.5554E+23  6.0348E+23
  38   .153382  8.5659E+23  6.0717E+23  39   .155975  8.5764E+23  6.1096E+23
  40   .158582  8.5871E+23  6.1483E+23  41   .161203  8.5979E+23  6.1880E+23
  42   .163840  8.6088E+23  6.2288E+23  43   .166494  8.6197E+23  6.2706E+23
  44   .169166  8.6308E+23  6.3134E+23  45   .171857  8.6420E+23  6.3574E+23
  46   .174567  8.6533E+23  6.4025E+23  47   .177298  8.6646E+23  6.4488E+23
  48   .180051  8.6761E+23  6.4963E+23  49   .182827  8.6876E+23  6.5451E+23
  50   .185625  8.6992E+23  6.5952E+23  51   .188449  8.7108E+23  6.6467E+23
  52   .191297  8.7225E+23  6.6995E+23  53   .194172  8.7342E+23  6.7538E+23
  54   .197073  8.7459E+23  6.8096E+23  55   .200002  8.7577E+23  6.8669E+23
  56   .202959  8.7694E+23  6.9258E+23  57   .205946  8.7811E+23  6.9863E+23
  58   .208963  8.7928E+23  7.0485E+23  59   .212011  8.8044E+23  7.1125E+23
  60   .215091  8.8160E+23  7.1782E+23  61   .218203  8.8274E+23  7.2457E+23
  62   .221348  8.8387E+23  7.3152E+23  63   .224528  8.8499E+23  7.3865E+23
  64   .227742  8.8608E+23  7.4599E+23  65   .230992  8.8716E+23  7.5353E+23
  66   .234278  8.8820E+23  7.6128E+23  67   .237602  8.8922E+23  7.6925E+23
  68   .240963  8.9021E+23  7.7744E+23  69   .244363  8.9115E+23  7.8586E+23
  70   .247803  8.9206E+23  7.9450E+23  71   .251282  8.9291E+23  8.0339E+23
  72   .254803  8.9371E+23  8.1251E+23  73   .258366  8.9445E+23  8.2189E+23
  74   .261971  8.9512E+23  8.3151E+23  75   .265619  8.9571E+23  8.4139E+23
  76   .269311  8.9622E+23  8.5153E+23  77   .273048  8.9665E+23  8.6194E+23
  78   .276830  8.9697E+23  8.7261E+23  79   .280659  8.9717E+23  8.8355E+23
  80   .284534  8.9726E+23  8.9476E+23  81   .288457  8.9722E+23  9.0624E+23
  82   .292429  8.9703E+23  9.1800E+23  83   .296450  8.9669E+23  9.3003E+23
  84   .300522  8.9618E+23  9.4235E+23  85   .304648  8.9549E+23  9.5496E+23
  86   .308828  8.9461E+23  9.6788E+23  87   .313064  8.9353E+23  9.8111E+23
  88   .317359  8.9222E+23  9.9465E+23  89   .321714  8.9067E+23  1.0085E+24
  90   .326130  8.8886E+23  1.0227E+24  91   .330611  8.8678E+23  1.0372E+24
  92   .335157  8.8439E+23  1.0520E+24  93   .339770  8.8168E+23  1.0670E+24
  94   .344454  8.7862E+23  1.0824E+24  95   .349208  8.7519E+23  1.0981E+24
  96   .354037  8.7136E+23  1.1140E+24  97   .358941  8.6709E+23  1.1301E+24
  98   .363924  8.6236E+23  1.1464E+24  99   .368986  8.5712E+23  1.1629E+24
 100   .374131  8.5135E+23  1.1794E+24 101   .379360  8.4501E+23  1.1960E+24
 102   .384676  8.3805E+23  1.2126E+24 103   .390081  8.3043E+23  1.2291E+24
 104   .395578  8.2212E+23  1.2454E+24 105   .401168  8.1306E+23  1.2614E+24
 106   .406854  8.0321E+23  1.2769E+24 107   .412639  7.9253E+23  1.2919E+24
 108   .418525  7.8097E+23  1.3062E+24 109   .424514  7.6847E+23  1.3197E+24
 110   .430608  7.5501E+23  1.3320E+24 111   .436810  7.4052E+23  1.3431E+24
 112   .443122  7.2498E+23  1.3527E+24 113   .449547  7.0835E+23  1.3606E+24
 114   .456078  6.9060E+23  1.3663E+24 115   .462735  6.7168E+23  1.3698E+24
 116   .469510  6.5161E+23  1.3707E+24 117   .476406  6.3036E+23  1.3687E+24
 118   .483425  6.0794E+23  1.3634E+24 119   .490568  5.8437E+23  1.3545E+24
 120   .497836  5.5970E+23  1.3417E+24 121   .505232  5.3397E+23  1.3246E+24
 122   .512756  5.0726E+23  1.3031E+24 123   .520408  4.7965E+23  1.2768E+24
 124   .528190  4.5128E+23  1.2455E+24 125   .536103  4.2227E+23  1.2090E+24
 126   .544145  3.9280E+23  1.1674E+24 127   .552317  3.6304E+23  1.1206E+24
 128   .560618  3.3322E+23  1.0688E+24 129   .569046  3.0354E+23  1.0123E+24
 130   .577601  2.7427E+23  9.5137E+23 131   .586280  2.4563E+23  8.8667E+23
 132   .595080  2.1789E+23  8.1886E+23 133   .603999  1.9130E+23  7.4875E+23
 134   .613032  1.6609E+23  6.7729E+23 135   .622176  1.4247E+23  6.0549E+23
 136   .631424  1.2063E+23  5.3446E+23 137   .640773  1.0072E+23  4.6531E+23
 138   .650215  8.2829E+22  3.9911E+23 139   .659744  6.7018E+22  3.3685E+23
 140   .669351  5.3284E+22  2.7941E+23 141   .679029  4.1574E+22  2.2745E+23
 142   .688767  3.1788E+22  1.8146E+23 143   .698557  2.3783E+22  1.4166E+23
 144   .708387  1.7384E+22  1.0804E+23 145   .718247  1.2394E+22  8.0362E+22
 146   .728123  8.6028E+21  5.8191E+22 147   .738005  5.8029E+21  4.0943E+22
 148   .747877  3.7963E+21  2.7935E+22 149   .757728  2.4037E+21  1.8444E+22
 150   .767541  1.4697E+21  1.1757E+22 151   .777304  8.6578E+20  7.2192E+21
 152   .786999  4.9014E+20  4.2592E+21 153   .796613  2.6597E+20  2.4082E+21
 154   .806130  1.3796E+20  1.3013E+21 155   .815533  6.8195E+19  6.7005E+20
 156   .824808  3.2027E+19  3.2776E+20 157   .833938  1.4242E+19  1.5181E+20
 158   .842909  5.9754E+18  6.6346E+19 159   .851706  2.3563E+18  2.7257E+19
 160   .860313  8.6963E+17  1.0485E+19 161   .868716  2.9904E+17  3.7600E+18
 162   .876903  9.5330E+16  1.2511E+18 163   .884861  2.8018E+16  3.8424E+17
 164   .892577  7.5450E+15  1.0830E+17 165   .900041  1.8484E+15  2.7833E+16
 166   .907243  4.0858E+14  6.4733E+15 167   .914175  8.0699E+13  1.3507E+15
 168   .920829  1.4074E+13  2.5026E+14 169   .927199  2.1353E+12  4.0655E+13
 170   .933280  2.7644E+11  5.6987E+12 171   .939069  2.9739E+10  6.7498E+11
 172   .944566  2.5568E+09  6.5625E+10 173   .949769  1.6484E+08  5.0169E+09
 174   .954683  7.0289E+06  2.8091E+08 175   .959310  1.3453E+05  9.9997E+06
 176   .963660 -2.0178E+03  1.4385E+05 177   .967741 -1.7533E+02 -3.9902E+03
 178   .971569 -2.8096E+01 -2.1571E+03 179   .975157 -1.9795E+02 -4.8434E+03
 180   .978519 -1.0395E+03 -3.4697E+03 181   .981658  7.3818E+00 -8.3694E+01
 182   .984561 -1.6335E+01 -3.0724E+02 183   .987191 -4.3095E+01  6.5538E+02
 184   .989519  1.7327E+02 -3.2934E+01 185   .991563 -3.3544E+02 -1.3082E+03
 186   .993077  2.8069E+02  6.1492E+02 187   .994249 -1.3959E+02  5.5645E+02
 188   .995191 -2.5473E+00 -6.5852E+02 189   .995967  4.7814E+01  5.8560E+01
 190   .996621 -1.2100E+00  2.1490E+02 191   .997180 -1.9629E+01  2.1009E+01
 192   .997662 -7.8733E+00 -8.1353E+01 193   .998079  5.1275E+00 -5.6705E+01
 194   .998443  8.4070E+00 -1.1860E-02 195   .998761  4.3960E+00  3.0590E+01
 196   .999044 -1.2048E+00  2.8355E+01 197   .999299 -4.3315E+00  9.9176E+00
 198   .999538 -4.1228E+00 -8.1852E+00 199   .999769 -1.7810E+00 -1.7451E+01
 200  1.000000  1.0000E+00 -1.6060E+01

