   2   .027549  1.5779E+09  1.5968E+07   3   .035025  1.5657E+09  1.5529E+07
   4   .040407  1.5336E+09  1.5204E+07   5   .044804  1.5018E+09  1.4873E+07
   6   .048615  1.4706E+09  1.4541E+07   7   .052033  1.4397E+09  1.4211E+07
   8   .055169  1.4092E+09  1.3881E+07   9   .058092  1.3789E+09  1.3551E+07
  10   .060850  1.3487E+09  1.3222E+07  11   .063476  1.3186E+09  1.2892E+07
  12   .065994  1.2885E+09  1.2562E+07  13   .068425  1.2585E+09  1.2230E+07
  14   .070782  1.2284E+09  1.1897E+07  15   .073078  1.1982E+09  1.1563E+07
  16   .075322  1.1680E+09  1.1228E+07  17   .077523  1.1377E+09  1.0892E+07
  18   .079686  1.1073E+09  1.0555E+07  19   .081818  1.0769E+09  1.0216E+07
  20   .083924  1.0463E+09  9.8768E+06  21   .086008  1.0157E+09  9.5365E+06
  22   .088073  9.8511E+08  9.1958E+06  23   .090124  9.5443E+08  8.8548E+06
  24   .092162  9.2371E+08  8.5138E+06  25   .094192  8.9299E+08  8.1730E+06
  26   .096214  8.6227E+08  7.8328E+06  27   .098232  8.3159E+08  7.4936E+06
  28   .100248  8.0097E+08  7.1559E+06  29   .102262  7.7043E+08  6.8198E+06
  30   .104278  7.4001E+08  6.4860E+06  31   .106296  7.0972E+08  6.1548E+06
  32   .108318  6.7962E+08  5.8268E+06  33   .110346  6.4973E+08  5.5025E+06
  34   .112381  6.2008E+08  5.1823E+06  35   .114424  5.9071E+08  4.8669E+06
  36   .116477  5.6169E+08  4.5569E+06  37   .118540  5.3301E+08  4.2526E+06
  38   .120615  5.0474E+08  3.9547E+06  39   .122703  4.7692E+08  3.6639E+06
  40   .124805  4.4959E+08  3.3805E+06  41   .126921  4.2279E+08  3.1053E+06
  42   .129054  3.9657E+08  2.8388E+06  43   .131205  3.7096E+08  2.5814E+06
  44   .133373  3.4601E+08  2.3339E+06  45   .135560  3.2176E+08  2.0965E+06
  46   .137768  2.9826E+08  1.8698E+06  47   .139996  2.7553E+08  1.6543E+06
  48   .142247  2.5361E+08  1.4502E+06  49   .144520  2.3253E+08  1.2579E+06
  50   .146818  2.1234E+08  1.0778E+06  51   .149141  1.9305E+08  9.0994E+05
  52   .151489  1.7469E+08  7.5461E+05  53   .153865  1.5729E+08  6.1189E+05
  54   .156269  1.4085E+08  4.8172E+05  55   .158702  1.2539E+08  3.6409E+05
  56   .161165  1.1092E+08  2.5883E+05  57   .163659  9.7439E+07  1.6575E+05
  58   .166185  8.4944E+07  8.4532E+04  59   .168745  7.3430E+07  1.4775E+04
  60   .171339  6.2884E+07 -4.3882E+04  61   .173981  5.3257E+07 -9.2674E+04
  62   .176649  4.4575E+07 -1.3176E+05  63   .179354  3.6785E+07 -1.6142E+05
  64   .182099  2.9855E+07 -1.8247E+05  65   .184885  2.3748E+07 -1.9569E+05
  66   .187712  1.8424E+07 -2.0192E+05  67   .190583  1.3836E+07 -2.0202E+05
  68   .193499  9.9387E+06 -1.9686E+05  69   .196460  6.6785E+06 -1.8732E+05
  70   .199470  4.0026E+06 -1.7427E+05  71   .202528  1.8548E+06 -1.5854E+05
  72   .205638  1.8037E+05 -1.4094E+05  73   .208800 -1.0770E+06 -1.2221E+05
  74   .212016 -1.9719E+06 -1.0306E+05  75   .215288 -2.5577E+06 -8.4089E+04
  76   .218617 -2.8853E+06 -6.5841E+04  77   .222006 -3.0029E+06 -4.8761E+04
  78   .225457 -2.9552E+06 -3.3207E+04  79   .228972 -2.7827E+06 -1.9445E+04
  80   .232552 -2.5220E+06 -7.6490E+03  81   .236200 -2.2048E+06  2.0954E+03
  82   .239918 -1.8584E+06  9.7797E+03  83   .243709 -1.5053E+06  1.5473E+04
  84   .247575 -1.1634E+06  1.9304E+04  85   .251518 -8.4635E+05  2.1452E+04
  86   .255541 -5.6370E+05  2.2135E+04  87   .259647 -3.2142E+05  2.1596E+04
  88   .263839 -1.2229E+05  2.0088E+04  89   .268119  3.3614E+04  1.7868E+04
  90   .272491  1.4832E+05  1.5180E+04  91   .276958  2.2548E+05  1.2248E+04
  92   .281522  2.6989E+05  9.2679E+03  93   .286188  2.8696E+05  6.4053E+03
  94   .290959  2.8239E+05  3.7882E+03  95   .295838  2.6173E+05  1.5093E+03
  96   .300830  2.3016E+05 -3.7423E+02  97   .305937  1.9230E+05 -1.8373E+03
  98   .311165  1.5201E+05 -2.8831E+03  99   .316517  1.1239E+05 -3.5376E+03
 100   .321997  7.5758E+04 -3.8446E+03 101   .327610  4.3668E+04 -3.8590E+03
 102   .333360  1.7008E+04 -3.6422E+03 103   .339253 -3.9005E+03 -3.2566E+03
 104   .345292 -1.9186E+04 -2.7620E+03 105   .351482 -2.9311E+04 -2.2121E+03
 106   .357830 -3.4962E+04 -1.6523E+03 107   .364339 -3.6940E+04 -1.1190E+03
 108   .371014 -3.6086E+04 -6.3852E+02 109   .377863 -3.3204E+04 -2.2805E+02
 110   .384888 -2.9024E+04  1.0365E+02 111   .392097 -2.4164E+04  3.5486E+02
 112   .399494 -1.9120E+04  5.2939E+02 113   .407085 -1.4263E+04  6.3506E+02
 114   .414876 -9.8497E+03  6.8213E+02 115   .422873 -6.0337E+03  6.8210E+02
 116   .431080 -2.8854E+03  6.4656E+02 117   .439503 -4.0978E+02  5.8641E+02
 118   .448147  1.4338E+03  5.1127E+02 119   .457019  2.7156E+03  4.2921E+02
 120   .466122  3.5219E+03  3.4656E+02 121   .475463  3.9437E+03  2.6803E+02
 122   .485044  4.0692E+03  1.9676E+02 123   .494872  3.9784E+03  1.3460E+02
 124   .504949  3.7402E+03  8.2347E+01 125   .515279  3.4111E+03  3.9980E+01
 126   .525866  3.0354E+03  6.9111E+00 127   .536711  2.6462E+03 -1.7813E+01
 128   .547817  2.2667E+03 -3.5340E+01 129   .559184  1.9123E+03 -4.6881E+01
 130   .570812  1.5918E+03 -5.3615E+01 131   .582701  1.3093E+03 -5.6625E+01
 132   .594850  1.0655E+03 -5.6864E+01 133   .607254  8.5877E+02 -5.5137E+01
 134   .619910  6.8614E+02 -5.2101E+01 135   .632811  5.4383E+02 -4.8274E+01
 136   .645951  4.2785E+02 -4.4051E+01 137   .659320  3.3426E+02 -3.9720E+01
 138   .672906  2.5940E+02 -3.5484E+01 139   .686695  1.9996E+02 -3.1474E+01
 140   .700671  1.5310E+02 -2.7770E+01 141   .714814  1.1638E+02 -2.4410E+01
 142   .729098  8.7749E+01 -2.1404E+01 143   .743495  6.5544E+01 -1.8742E+01
 144   .757968  4.8406E+01 -1.6401E+01 145   .772470  3.5248E+01 -1.4346E+01
 146   .786943  2.5211E+01 -1.2536E+01 147   .801303  1.7628E+01 -1.0924E+01
 148   .815427  1.1990E+01 -9.4352E+00 149   .829108  7.9419E+00 -8.0171E+00
 150   .842154  5.1215E+00 -6.8475E+00 151   .854548  3.1356E+00 -5.9793E+00
 152   .866295  1.7123E+00 -5.3162E+00 153   .877399  6.7613E-01 -4.8062E+00
 154   .887867 -8.9748E-02 -4.4095E+00 155   .897706 -6.6384E-01 -4.0984E+00
 156   .906926 -1.0999E+00 -3.8524E+00 157   .915541 -1.4353E+00 -3.6566E+00
 158   .923563 -1.6963E+00 -3.4998E+00 159   .931009 -1.9015E+00 -3.3737E+00
 160   .937896 -2.0645E+00 -3.2717E+00 161   .944243 -2.1951E+00 -3.1888E+00
 162   .950072 -2.3007E+00 -3.1214E+00 163   .955404 -2.3865E+00 -3.0662E+00
 164   .960265 -2.4566E+00 -3.0210E+00 165   .964680 -2.5140E+00 -2.9838E+00
 166   .968680 -2.5610E+00 -2.9531E+00 167   .972294 -2.5993E+00 -2.9277E+00
 168   .975556 -2.6305E+00 -2.9064E+00 169   .978497 -2.6561E+00 -2.8886E+00
 170   .981141 -2.6776E+00 -2.8736E+00 171   .983505 -2.6961E+00 -2.8611E+00
 172   .985603 -2.7121E+00 -2.8505E+00 173   .987450 -2.7253E+00 -2.8417E+00
 174   .989075 -2.7355E+00 -2.8343E+00 175   .990506 -2.7426E+00 -2.8280E+00
 176   .991776 -2.7469E+00 -2.8226E+00 177   .992907 -2.7485E+00 -2.8179E+00
 178   .993921 -2.7472E+00 -2.8137E+00 179   .994830 -2.7420E+00 -2.8100E+00
 180   .995648 -2.7312E+00 -2.8065E+00 181   .996385 -2.7118E+00 -2.8031E+00
 182   .997050 -2.6780E+00 -2.7994E+00 183   .997650 -2.6202E+00 -2.7945E+00
 184   .998187 -2.5208E+00 -2.7861E+00 185   .998663 -2.3499E+00 -2.7681E+00
 186   .999007 -2.1208E+00 -2.7362E+00 187   .999259 -1.8397E+00 -2.6863E+00
 188   .999444 -1.5204E+00 -2.6184E+00 189   .999581 -1.1816E+00 -2.5358E+00
 190   .999684 -8.4473E-01 -2.4435E+00 191   .999761 -5.3177E-01 -2.3446E+00
 192   .999819 -2.5880E-01 -2.2442E+00 193   .999863 -2.7781E-02 -2.1494E+00
 194   .999896  1.7058E-01 -2.0915E+00 195   .999923  3.4671E-01 -2.0898E+00
 196   .999945  5.0613E-01 -2.1223E+00 197   .999962  6.5052E-01 -2.1663E+00
 198   .999977  7.8052E-01 -2.2140E+00 199   .999990  8.9675E-01 -2.2614E+00
 200  1.000000  1.0000E+00 -2.3064E+00