   2   .032243  5.3791E-02 -2.6252E-01   3   .040970  5.3813E-02 -2.6295E-01
   4   .047248  5.3846E-02 -2.6332E-01   5   .052374  5.3880E-02 -2.6367E-01
   6   .056813  5.3914E-02 -2.6399E-01   7   .060792  5.3948E-02 -2.6431E-01
   8   .064439  5.3982E-02 -2.6462E-01   9   .067837  5.4016E-02 -2.6493E-01
  10   .071040  5.4049E-02 -2.6523E-01  11   .074087  5.4082E-02 -2.6554E-01
  12   .077008  5.4116E-02 -2.6584E-01  13   .079824  5.4150E-02 -2.6615E-01
  14   .082553  5.4184E-02 -2.6646E-01  15   .085209  5.4218E-02 -2.6677E-01
  16   .087803  5.4253E-02 -2.6708E-01  17   .090344  5.4288E-02 -2.6740E-01
  18   .092840  5.4324E-02 -2.6772E-01  19   .095298  5.4360E-02 -2.6805E-01
  20   .097724  5.4397E-02 -2.6838E-01  21   .100122  5.4434E-02 -2.6872E-01
  22   .102496  5.4472E-02 -2.6906E-01  23   .104851  5.4511E-02 -2.6941E-01
  24   .107190  5.4550E-02 -2.6977E-01  25   .109516  5.4591E-02 -2.7013E-01
  26   .111832  5.4632E-02 -2.7050E-01  27   .114139  5.4673E-02 -2.7088E-01
  28   .116442  5.4716E-02 -2.7127E-01  29   .118740  5.4760E-02 -2.7167E-01
  30   .121037  5.4805E-02 -2.7207E-01  31   .123335  5.4850E-02 -2.7249E-01
  32   .125633  5.4897E-02 -2.7292E-01  33   .127936  5.4945E-02 -2.7335E-01
  34   .130243  5.4994E-02 -2.7380E-01  35   .132556  5.5044E-02 -2.7426E-01
  36   .134876  5.5096E-02 -2.7473E-01  37   .137205  5.5149E-02 -2.7521E-01
  38   .139544  5.5203E-02 -2.7571E-01  39   .141894  5.5258E-02 -2.7622E-01
  40   .144255  5.5315E-02 -2.7674E-01  41   .146630  5.5374E-02 -2.7728E-01
  42   .149018  5.5434E-02 -2.7784E-01  43   .151421  5.5496E-02 -2.7841E-01
  44   .153840  5.5559E-02 -2.7899E-01  45   .156275  5.5624E-02 -2.7959E-01
  46   .158728  5.5691E-02 -2.8021E-01  47   .161199  5.5760E-02 -2.8085E-01
  48   .163690  5.5831E-02 -2.8151E-01  49   .166200  5.5904E-02 -2.8219E-01
  50   .168731  5.5979E-02 -2.8289E-01  51   .171284  5.6056E-02 -2.8361E-01
  52   .173858  5.6135E-02 -2.8436E-01  53   .176456  5.6217E-02 -2.8513E-01
  54   .179078  5.6302E-02 -2.8592E-01  55   .181724  5.6389E-02 -2.8674E-01
  56   .184396  5.6478E-02 -2.8758E-01  57   .187093  5.6571E-02 -2.8846E-01
  58   .189817  5.6666E-02 -2.8936E-01  59   .192569  5.6764E-02 -2.9030E-01
  60   .195348  5.6866E-02 -2.9126E-01  61   .198157  5.6971E-02 -2.9226E-01
  62   .200995  5.7079E-02 -2.9330E-01  63   .203864  5.7191E-02 -2.9437E-01
  64   .206763  5.7307E-02 -2.9549E-01  65   .209694  5.7426E-02 -2.9664E-01
  66   .212657  5.7550E-02 -2.9783E-01  67   .215654  5.7677E-02 -2.9908E-01
  68   .218684  5.7810E-02 -3.0036E-01  69   .221749  5.7946E-02 -3.0170E-01
  70   .224850  5.8088E-02 -3.0309E-01  71   .227988  5.8235E-02 -3.0453E-01
  72   .231165  5.8388E-02 -3.0604E-01  73   .234381  5.8546E-02 -3.0760E-01
  74   .237639  5.8710E-02 -3.0922E-01  75   .240938  5.8881E-02 -3.1092E-01
  76   .244282  5.9058E-02 -3.1268E-01  77   .247671  5.9243E-02 -3.1452E-01
  78   .251106  5.9435E-02 -3.1644E-01  79   .254589  5.9635E-02 -3.1844E-01
  80   .258122  5.9843E-02 -3.2053E-01  81   .261707  6.0061E-02 -3.2271E-01
  82   .265344  6.0287E-02 -3.2499E-01  83   .269035  6.0524E-02 -3.2738E-01
  84   .272782  6.0770E-02 -3.2987E-01  85   .276587  6.1028E-02 -3.3248E-01
  86   .280452  6.1298E-02 -3.3521E-01  87   .284378  6.1579E-02 -3.3808E-01
  88   .288367  6.1874E-02 -3.4108E-01  89   .292421  6.2183E-02 -3.4422E-01
  90   .296542  6.2506E-02 -3.4753E-01  91   .300732  6.2844E-02 -3.5099E-01
  92   .304993  6.3199E-02 -3.5464E-01  93   .309328  6.3572E-02 -3.5847E-01
  94   .313737  6.3962E-02 -3.6250E-01  95   .318225  6.4373E-02 -3.6674E-01
  96   .322792  6.4804E-02 -3.7120E-01  97   .327442  6.5257E-02 -3.7591E-01
  98   .332176  6.5734E-02 -3.8087E-01  99   .336997  6.6236E-02 -3.8610E-01
 100   .341908  6.6765E-02 -3.9163E-01 101   .346910  6.7322E-02 -3.9747E-01
 102   .352008  6.7909E-02 -4.0364E-01 103   .357193  6.8529E-02 -4.1018E-01
 104   .362487  6.9183E-02 -4.1709E-01 105   .367884  6.9874E-02 -4.2442E-01
 106   .373386  7.0604E-02 -4.3219E-01 107   .378997  7.1377E-02 -4.4043E-01
 108   .384718  7.2194E-02 -4.4918E-01 109   .390554  7.3059E-02 -4.5847E-01
 110   .396506  7.3976E-02 -4.6836E-01 111   .402578  7.4949E-02 -4.7887E-01
 112   .408773  7.5980E-02 -4.9007E-01 113   .415093  7.7075E-02 -5.0200E-01
 114   .421541  7.8239E-02 -5.1473E-01 115   .428120  7.9476E-02 -5.2831E-01
 116   .434833  8.0791E-02 -5.4282E-01 117   .441682  8.2191E-02 -5.5832E-01
 118   .448669  8.3682E-02 -5.7490E-01 119   .455798  8.5271E-02 -5.9265E-01
 120   .463070  8.6966E-02 -6.1166E-01 121   .470488  8.8773E-02 -6.3203E-01
 122   .478053  9.0703E-02 -6.5389E-01 123   .485767  9.2765E-02 -6.7735E-01
 124   .493631  9.4967E-02 -7.0255E-01 125   .501647  9.7323E-02 -7.2963E-01
 126   .509815  9.9842E-02 -7.5875E-01 127   .518136  1.0254E-01 -7.9008E-01
 128   .526611  1.0543E-01 -8.2381E-01 129   .535237  1.0852E-01 -8.6014E-01
 130   .544015  1.1183E-01 -8.9929E-01 131   .552943  1.1538E-01 -9.4150E-01
 132   .562020  1.1919E-01 -9.8701E-01 133   .571243  1.2327E-01 -1.0361E+00
 134   .580608  1.2765E-01 -1.0891E+00 135   .590112  1.3235E-01 -1.1462E+00
 136   .599751  1.3738E-01 -1.2079E+00 137   .609518  1.4278E-01 -1.2745E+00
 138   .619409  1.4857E-01 -1.3463E+00 139   .629415  1.5477E-01 -1.4239E+00
 140   .639530  1.6142E-01 -1.5075E+00 141   .649744  1.6854E-01 -1.5976E+00
 142   .660049  1.7617E-01 -1.6948E+00 143   .670434  1.8433E-01 -1.7994E+00
 144   .680888  1.9305E-01 -1.9120E+00 145   .691398  2.0236E-01 -2.0331E+00
 146   .701953  2.1230E-01 -2.1632E+00 147   .712537  2.2289E-01 -2.3028E+00
 148   .723137  2.3416E-01 -2.4525E+00 149   .733738  2.4615E-01 -2.6126E+00
 150   .744323  2.5887E-01 -2.7836E+00 151   .754877  2.7234E-01 -2.9661E+00
 152   .765381  2.8659E-01 -3.1603E+00 153   .775819  3.0163E-01 -3.3667E+00
 154   .786172  3.1747E-01 -3.5854E+00 155   .796423  3.3410E-01 -3.8166E+00
 156   .806552  3.5154E-01 -4.0605E+00 157   .816542  3.6977E-01 -4.3170E+00
 158   .826375  3.8876E-01 -4.5860E+00 159   .836032  4.0850E-01 -4.8671E+00
 160   .845496  4.2894E-01 -5.1600E+00 161   .854750  4.5005E-01 -5.4641E+00
 162   .863777  4.7176E-01 -5.7788E+00 163   .872561  4.9401E-01 -6.1030E+00
 164   .881089  5.1674E-01 -6.4358E+00 165   .889345  5.3985E-01 -6.7761E+00
 166   .897318  5.6327E-01 -7.1225E+00 167   .904996  5.8688E-01 -7.4737E+00
 168   .912370  6.1060E-01 -7.8281E+00 169   .919432  6.3432E-01 -8.1843E+00
 170   .926176  6.5793E-01 -8.5406E+00 171   .932597  6.8133E-01 -8.8956E+00
 172   .938694  7.0442E-01 -9.2477E+00 173   .944467  7.2710E-01 -9.5956E+00
 174   .949920  7.4931E-01 -9.9382E+00 175   .955060  7.7097E-01 -1.0274E+01
 176   .959898  7.9205E-01 -1.0603E+01 177   .964444  8.1250E-01 -1.0923E+01
 178   .968713  8.3232E-01 -1.1232E+01 179   .972714  8.5146E-01 -1.1530E+01
 180   .976449  8.6985E-01 -1.1813E+01 181   .979904  8.8729E-01 -1.2077E+01
 182   .983047  9.0350E-01 -1.2320E+01 183   .985849  9.1820E-01 -1.2540E+01
 184   .988320  9.3135E-01 -1.2741E+01 185   .990516  9.4320E-01 -1.2927E+01
 186   .992168  9.5225E-01 -1.3072E+01 187   .993458  9.5943E-01 -1.3189E+01
 188   .994497  9.6531E-01 -1.3287E+01 189   .995351  9.7024E-01 -1.3372E+01
 190   .996063  9.7449E-01 -1.3447E+01 191   .996664  9.7833E-01 -1.3516E+01
 192   .997171  9.8190E-01 -1.3581E+01 193   .997603  9.8506E-01 -1.3645E+01
 194   .997981  9.8763E-01 -1.3712E+01 195   .998321  9.8974E-01 -1.3788E+01
 196   .998639  9.9162E-01 -1.3880E+01 197   .998947  9.9343E-01 -1.4001E+01
 198   .999260  9.9530E-01 -1.4175E+01 199   .999597  9.9737E-01 -1.4455E+01
 200  1.000000  1.0000E+00 -1.5010E+01