   2   .032243 -1.7610E-03  8.5944E-03   3   .040970 -1.7606E-03  8.5884E-03
   4   .047248 -1.7600E-03  8.5831E-03   5   .052374 -1.7594E-03  8.5780E-03
   6   .056813 -1.7588E-03  8.5731E-03   7   .060792 -1.7581E-03  8.5683E-03
   8   .064439 -1.7575E-03  8.5635E-03   9   .067837 -1.7568E-03  8.5587E-03
  10   .071040 -1.7562E-03  8.5539E-03  11   .074087 -1.7555E-03  8.5490E-03
  12   .077008 -1.7549E-03  8.5441E-03  13   .079824 -1.7542E-03  8.5390E-03
  14   .082553 -1.7535E-03  8.5339E-03  15   .085209 -1.7529E-03  8.5287E-03
  16   .087803 -1.7522E-03  8.5234E-03  17   .090344 -1.7514E-03  8.5179E-03
  18   .092840 -1.7507E-03  8.5123E-03  19   .095298 -1.7500E-03  8.5066E-03
  20   .097724 -1.7492E-03  8.5007E-03  21   .100122 -1.7484E-03  8.4946E-03
  22   .102496 -1.7476E-03  8.4884E-03  23   .104851 -1.7468E-03  8.4819E-03
  24   .107190 -1.7460E-03  8.4753E-03  25   .109516 -1.7451E-03  8.4684E-03
  26   .111832 -1.7442E-03  8.4613E-03  27   .114139 -1.7433E-03  8.4540E-03
  28   .116442 -1.7424E-03  8.4464E-03  29   .118740 -1.7414E-03  8.4386E-03
  30   .121037 -1.7404E-03  8.4305E-03  31   .123335 -1.7394E-03  8.4221E-03
  32   .125633 -1.7384E-03  8.4133E-03  33   .127936 -1.7373E-03  8.4043E-03
  34   .130243 -1.7362E-03  8.3949E-03  35   .132556 -1.7350E-03  8.3852E-03
  36   .134876 -1.7338E-03  8.3750E-03  37   .137205 -1.7326E-03  8.3645E-03
  38   .139544 -1.7313E-03  8.3536E-03  39   .141894 -1.7300E-03  8.3422E-03
  40   .144255 -1.7286E-03  8.3303E-03  41   .146630 -1.7272E-03  8.3180E-03
  42   .149018 -1.7257E-03  8.3051E-03  43   .151421 -1.7242E-03  8.2917E-03
  44   .153840 -1.7226E-03  8.2777E-03  45   .156275 -1.7210E-03  8.2631E-03
  46   .158728 -1.7193E-03  8.2479E-03  47   .161199 -1.7175E-03  8.2320E-03
  48   .163690 -1.7157E-03  8.2154E-03  49   .166200 -1.7138E-03  8.1980E-03
  50   .168731 -1.7118E-03  8.1799E-03  51   .171284 -1.7098E-03  8.1609E-03
  52   .173858 -1.7077E-03  8.1410E-03  53   .176456 -1.7054E-03  8.1201E-03
  54   .179078 -1.7031E-03  8.0983E-03  55   .181724 -1.7007E-03  8.0754E-03
  56   .184396 -1.6982E-03  8.0514E-03  57   .187093 -1.6956E-03  8.0262E-03
  58   .189817 -1.6929E-03  7.9998E-03  59   .192569 -1.6900E-03  7.9720E-03
  60   .195348 -1.6870E-03  7.9428E-03  61   .198157 -1.6839E-03  7.9121E-03
  62   .200995 -1.6807E-03  7.8798E-03  63   .203864 -1.6773E-03  7.8459E-03
  64   .206763 -1.6738E-03  7.8101E-03  65   .209694 -1.6701E-03  7.7724E-03
  66   .212657 -1.6662E-03  7.7326E-03  67   .215654 -1.6621E-03  7.6907E-03
  68   .218684 -1.6579E-03  7.6464E-03  69   .221749 -1.6534E-03  7.5996E-03
  70   .224850 -1.6487E-03  7.5502E-03  71   .227988 -1.6438E-03  7.4980E-03
  72   .231165 -1.6386E-03  7.4427E-03  73   .234381 -1.6332E-03  7.3842E-03
  74   .237639 -1.6275E-03  7.3222E-03  75   .240938 -1.6215E-03  7.2565E-03
  76   .244282 -1.6152E-03  7.1867E-03  77   .247671 -1.6085E-03  7.1127E-03
  78   .251106 -1.6015E-03  7.0341E-03  79   .254589 -1.5940E-03  6.9506E-03
  80   .258122 -1.5862E-03  6.8617E-03  81   .261707 -1.5779E-03  6.7672E-03
  82   .265344 -1.5691E-03  6.6664E-03  83   .269035 -1.5598E-03  6.5591E-03
  84   .272782 -1.5500E-03  6.4446E-03  85   .276587 -1.5395E-03  6.3225E-03
  86   .280452 -1.5285E-03  6.1920E-03  87   .284378 -1.5167E-03  6.0525E-03
  88   .288367 -1.5042E-03  5.9035E-03  89   .292421 -1.4909E-03  5.7439E-03
  90   .296542 -1.4767E-03  5.5730E-03  91   .300732 -1.4616E-03  5.3900E-03
  92   .304993 -1.4454E-03  5.1937E-03  93   .309328 -1.4282E-03  4.9832E-03
  94   .313737 -1.4098E-03  4.7571E-03  95   .318225 -1.3902E-03  4.5143E-03
  96   .322792 -1.3691E-03  4.2534E-03  97   .327442 -1.3466E-03  3.9728E-03
  98   .332176 -1.3224E-03  3.6709E-03  99   .336997 -1.2965E-03  3.3459E-03
 100   .341908 -1.2687E-03  2.9960E-03 101   .346910 -1.2389E-03  2.6189E-03
 102   .352008 -1.2067E-03  2.2125E-03 103   .357193 -1.1722E-03  1.7738E-03
 104   .362487 -1.1350E-03  1.3012E-03 105   .367884 -1.0950E-03  7.9143E-04
 106   .373386 -1.0518E-03  2.4147E-04 107   .378997 -1.0053E-03 -3.5185E-04
 108   .384718 -9.5517E-04 -9.9193E-04 109   .390554 -9.0106E-04 -1.6824E-03
 110   .396506 -8.4267E-04 -2.4270E-03 111   .402578 -7.7963E-04 -3.2296E-03
 112   .408773 -7.1156E-04 -4.0945E-03 113   .415093 -6.3808E-04 -5.0254E-03
 114   .421541 -5.5875E-04 -6.0268E-03 115   .428120 -4.7312E-04 -7.1027E-03
 116   .434833 -3.8073E-04 -8.2570E-03 117   .441682 -2.8109E-04 -9.4931E-03
 118   .448669 -1.7370E-04 -1.0814E-02 119   .455798 -5.8060E-05 -1.2223E-02
 120   .463070  6.6315E-05 -1.3720E-02 121   .470488  1.9991E-04 -1.5305E-02
 122   .478053  3.4315E-04 -1.6977E-02 123   .485767  4.9644E-04 -1.8730E-02
 124   .493631  6.6007E-04 -2.0557E-02 125   .501647  8.3423E-04 -2.2448E-02
 126   .509815  1.0190E-03 -2.4384E-02 127   .518136  1.2141E-03 -2.6344E-02
 128   .526611  1.4192E-03 -2.8297E-02 129   .535237  1.6335E-03 -3.0205E-02
 130   .544015  1.8559E-03 -3.2018E-02 131   .552943  2.0847E-03 -3.3674E-02
 132   .562020  2.3175E-03 -3.5095E-02 133   .571243  2.5514E-03 -3.6187E-02
 134   .580608  2.7825E-03 -3.6835E-02 135   .590112  3.0058E-03 -3.6903E-02
 136   .599751  3.2154E-03 -3.6230E-02 137   .609518  3.4037E-03 -3.4630E-02
 138   .619409  3.5620E-03 -3.1889E-02 139   .629415  3.6797E-03 -2.7765E-02
 140   .639530  3.7446E-03 -2.1993E-02 141   .649744  3.7430E-03 -1.4285E-02
 142   .660049  3.6591E-03 -4.3429E-03 143   .670434  3.4757E-03  8.1350E-03
 144   .680888  3.1746E-03  2.3433E-02 145   .691398  2.7365E-03  4.1794E-02
 146   .701953  2.1423E-03  6.3389E-02 147   .712537  1.3738E-03  8.8269E-02
 148   .723137  4.1506E-04  1.1632E-01 149   .733738 -7.4554E-04  1.4718E-01
 150   .744323 -2.1135E-03  1.8019E-01 151   .754877 -3.6857E-03  2.1426E-01
 152   .765381 -5.4468E-03  2.4781E-01 153   .775819 -7.3669E-03  2.7861E-01
 154   .786172 -9.3969E-03  3.0369E-01 155   .796423 -1.1466E-02  3.1922E-01
 156   .806552 -1.3475E-02  3.2035E-01 157   .816542 -1.5299E-02  3.0118E-01
 158   .826375 -1.6779E-02  2.5462E-01 159   .836032 -1.7721E-02  1.7239E-01
 160   .845496 -1.7898E-02  4.5040E-02 161   .854750 -1.7051E-02 -1.3799E-01
 162   .863777 -1.4892E-02 -3.8821E-01 163   .872561 -1.1106E-02 -7.1783E-01
 164   .881089 -5.3661E-03 -1.1395E+00 165   .889345  2.6624E-03 -1.6658E+00
 166   .897318  1.3307E-02 -2.3089E+00 167   .904996  2.6877E-02 -3.0802E+00
 168   .912370  4.3645E-02 -3.9896E+00 169   .919432  6.3838E-02 -5.0449E+00
 170   .926176  8.7623E-02 -6.2519E+00 171   .932597  1.1510E-01 -7.6139E+00
 172   .938694  1.4628E-01 -9.1311E+00 173   .944467  1.8113E-01 -1.0801E+01
 174   .949920  2.1952E-01 -1.2619E+01 175   .955060  2.6128E-01 -1.4577E+01
 176   .959898  3.0618E-01 -1.6665E+01 177   .964444  3.5399E-01 -1.8866E+01
 178   .968713  4.0441E-01 -2.1160E+01 179   .972714  4.5705E-01 -2.3518E+01
 180   .976449  5.1132E-01 -2.5898E+01 181   .979904  5.6623E-01 -2.8249E+01
 182   .983047  6.2028E-01 -3.0520E+01 183   .985849  6.7189E-01 -3.2679E+01
 184   .988320  7.2023E-01 -3.4721E+01 185   .990516  7.6558E-01 -3.6665E+01
 186   .992168  8.0135E-01 -3.8211E+01 187   .993458  8.3043E-01 -3.9464E+01
 188   .994497  8.5465E-01 -4.0496E+01 189   .995351  8.7521E-01 -4.1357E+01
 190   .996063  8.9306E-01 -4.2084E+01 191   .996664  9.0903E-01 -4.2701E+01
 192   .997171  9.2370E-01 -4.3222E+01 193   .997603  9.3668E-01 -4.3657E+01
 194   .997981  9.4743E-01 -4.4026E+01 195   .998321  9.5647E-01 -4.4352E+01
 196   .998639  9.6465E-01 -4.4650E+01 197   .998947  9.7254E-01 -4.4926E+01
 198   .999260  9.8059E-01 -4.5182E+01 199   .999597  9.8934E-01 -4.5405E+01
 200  1.000000  1.0000E+00 -4.5527E+01