   2   .032243 -1.1688E-02  5.7041E-02   3   .040970 -1.1691E-02  5.7104E-02
   4   .047248 -1.1695E-02  5.7159E-02   5   .052374 -1.1700E-02  5.7210E-02
   6   .056813 -1.1705E-02  5.7258E-02   7   .060792 -1.1710E-02  5.7304E-02
   8   .064439 -1.1715E-02  5.7350E-02   9   .067837 -1.1719E-02  5.7394E-02
  10   .071040 -1.1724E-02  5.7439E-02  11   .074087 -1.1729E-02  5.7483E-02
  12   .077008 -1.1734E-02  5.7527E-02  13   .079824 -1.1738E-02  5.7571E-02
  14   .082553 -1.1743E-02  5.7615E-02  15   .085209 -1.1748E-02  5.7660E-02
  16   .087803 -1.1753E-02  5.7705E-02  17   .090344 -1.1757E-02  5.7750E-02
  18   .092840 -1.1762E-02  5.7796E-02  19   .095298 -1.1767E-02  5.7842E-02
  20   .097724 -1.1772E-02  5.7890E-02  21   .100122 -1.1778E-02  5.7937E-02
  22   .102496 -1.1783E-02  5.7986E-02  23   .104851 -1.1788E-02  5.8035E-02
  24   .107190 -1.1794E-02  5.8085E-02  25   .109516 -1.1799E-02  5.8136E-02
  26   .111832 -1.1805E-02  5.8188E-02  27   .114139 -1.1810E-02  5.8241E-02
  28   .116442 -1.1816E-02  5.8295E-02  29   .118740 -1.1822E-02  5.8350E-02
  30   .121037 -1.1828E-02  5.8406E-02  31   .123335 -1.1834E-02  5.8463E-02
  32   .125633 -1.1841E-02  5.8521E-02  33   .127936 -1.1847E-02  5.8581E-02
  34   .130243 -1.1854E-02  5.8642E-02  35   .132556 -1.1860E-02  5.8704E-02
  36   .134876 -1.1867E-02  5.8768E-02  37   .137205 -1.1874E-02  5.8833E-02
  38   .139544 -1.1881E-02  5.8899E-02  39   .141894 -1.1889E-02  5.8967E-02
  40   .144255 -1.1896E-02  5.9037E-02  41   .146630 -1.1904E-02  5.9108E-02
  42   .149018 -1.1912E-02  5.9181E-02  43   .151421 -1.1920E-02  5.9256E-02
  44   .153840 -1.1928E-02  5.9332E-02  45   .156275 -1.1936E-02  5.9411E-02
  46   .158728 -1.1945E-02  5.9491E-02  47   .161199 -1.1954E-02  5.9573E-02
  48   .163690 -1.1963E-02  5.9658E-02  49   .166200 -1.1972E-02  5.9744E-02
  50   .168731 -1.1982E-02  5.9833E-02  51   .171284 -1.1992E-02  5.9923E-02
  52   .173858 -1.2002E-02  6.0016E-02  53   .176456 -1.2012E-02  6.0112E-02
  54   .179078 -1.2023E-02  6.0210E-02  55   .181724 -1.2033E-02  6.0310E-02
  56   .184396 -1.2045E-02  6.0414E-02  57   .187093 -1.2056E-02  6.0519E-02
  58   .189817 -1.2068E-02  6.0628E-02  59   .192569 -1.2080E-02  6.0739E-02
  60   .195348 -1.2092E-02  6.0854E-02  61   .198157 -1.2105E-02  6.0971E-02
  62   .200995 -1.2118E-02  6.1091E-02  63   .203864 -1.2131E-02  6.1215E-02
  64   .206763 -1.2145E-02  6.1342E-02  65   .209694 -1.2159E-02  6.1472E-02
  66   .212657 -1.2173E-02  6.1606E-02  67   .215654 -1.2188E-02  6.1743E-02
  68   .218684 -1.2203E-02  6.1884E-02  69   .221749 -1.2219E-02  6.2029E-02
  70   .224850 -1.2235E-02  6.2177E-02  71   .227988 -1.2252E-02  6.2330E-02
  72   .231165 -1.2269E-02  6.2486E-02  73   .234381 -1.2286E-02  6.2646E-02
  74   .237639 -1.2304E-02  6.2811E-02  75   .240938 -1.2323E-02  6.2980E-02
  76   .244282 -1.2342E-02  6.3153E-02  77   .247671 -1.2362E-02  6.3331E-02
  78   .251106 -1.2382E-02  6.3512E-02  79   .254589 -1.2403E-02  6.3698E-02
  80   .258122 -1.2425E-02  6.3889E-02  81   .261707 -1.2447E-02  6.4083E-02
  82   .265344 -1.2470E-02  6.4282E-02  83   .269035 -1.2493E-02  6.4485E-02
  84   .272782 -1.2517E-02  6.4691E-02  85   .276587 -1.2542E-02  6.4902E-02
  86   .280452 -1.2568E-02  6.5116E-02  87   .284378 -1.2594E-02  6.5333E-02
  88   .288367 -1.2621E-02  6.5552E-02  89   .292421 -1.2649E-02  6.5774E-02
  90   .296542 -1.2678E-02  6.5998E-02  91   .300732 -1.2707E-02  6.6223E-02
  92   .304993 -1.2737E-02  6.6448E-02  93   .309328 -1.2767E-02  6.6672E-02
  94   .313737 -1.2799E-02  6.6894E-02  95   .318225 -1.2831E-02  6.7114E-02
  96   .322792 -1.2863E-02  6.7329E-02  97   .327442 -1.2896E-02  6.7537E-02
  98   .332176 -1.2929E-02  6.7737E-02  99   .336997 -1.2963E-02  6.7926E-02
 100   .341908 -1.2997E-02  6.8102E-02 101   .346910 -1.3031E-02  6.8260E-02
 102   .352008 -1.3065E-02  6.8399E-02 103   .357193 -1.3099E-02  6.8512E-02
 104   .362487 -1.3132E-02  6.8596E-02 105   .367884 -1.3165E-02  6.8645E-02
 106   .373386 -1.3196E-02  6.8652E-02 107   .378997 -1.3226E-02  6.8609E-02
 108   .384718 -1.3254E-02  6.8508E-02 109   .390554 -1.3280E-02  6.8339E-02
 110   .396506 -1.3303E-02  6.8089E-02 111   .402578 -1.3323E-02  6.7747E-02
 112   .408773 -1.3338E-02  6.7296E-02 113   .415093 -1.3347E-02  6.6719E-02
 114   .421541 -1.3351E-02  6.5995E-02 115   .428120 -1.3347E-02  6.5101E-02
 116   .434833 -1.3334E-02  6.4010E-02 117   .441682 -1.3310E-02  6.2692E-02
 118   .448669 -1.3274E-02  6.1110E-02 119   .455798 -1.3223E-02  5.9223E-02
 120   .463070 -1.3155E-02  5.6984E-02 121   .470488 -1.3067E-02  5.4339E-02
 122   .478053 -1.2956E-02  5.1226E-02 123   .485767 -1.2817E-02  4.7573E-02
 124   .493631 -1.2647E-02  4.3297E-02 125   .501647 -1.2441E-02  3.8305E-02
 126   .509815 -1.2191E-02  3.2487E-02 127   .518136 -1.1893E-02  2.5719E-02
 128   .526611 -1.1538E-02  1.7860E-02 129   .535237 -1.1118E-02  8.7449E-03
 130   .544015 -1.0623E-02 -1.8116E-03 131   .552943 -1.0041E-02 -1.4023E-02
 132   .562020 -9.3600E-03 -2.8131E-02 133   .571243 -8.5651E-03 -4.4412E-02
 134   .580608 -7.6398E-03 -6.3182E-02 135   .590112 -6.5656E-03 -8.4796E-02
 136   .599751 -5.3214E-03 -1.0966E-01 137   .609518 -3.8835E-03 -1.3822E-01
 138   .619409 -2.2254E-03 -1.7100E-01 139   .629415 -3.1760E-04 -2.0858E-01
 140   .639530  1.8730E-03 -2.5159E-01 141   .649744  4.3829E-03 -3.0075E-01
 142   .660049  7.2525E-03 -3.5687E-01 143   .670434  1.0526E-02 -4.2083E-01
 144   .680888  1.4253E-02 -4.9358E-01 145   .691398  1.8484E-02 -5.7620E-01
 146   .701953  2.3279E-02 -6.6984E-01 147   .712537  2.8696E-02 -7.7574E-01
 148   .723137  3.4802E-02 -8.9524E-01 149   .733738  4.1665E-02 -1.0297E+00
 150   .744323  4.9356E-02 -1.1808E+00 151   .754877  5.7949E-02 -1.3498E+00
 152   .765381  6.7519E-02 -1.5386E+00 153   .775819  7.8142E-02 -1.7486E+00
 154   .786172  8.9892E-02 -1.9815E+00 155   .796423  1.0284E-01 -2.2388E+00
 156   .806552  1.1706E-01 -2.5222E+00 157   .816542  1.3260E-01 -2.8330E+00
 158   .826375  1.4952E-01 -3.1724E+00 159   .836032  1.6786E-01 -3.5414E+00
 160   .845496  1.8765E-01 -3.9409E+00 161   .854750  2.0891E-01 -4.3713E+00
 162   .863777  2.3162E-01 -4.8328E+00 163   .872561  2.5577E-01 -5.3251E+00
 164   .881089  2.8131E-01 -5.8476E+00 165   .889345  3.0817E-01 -6.3990E+00
 166   .897318  3.3628E-01 -6.9778E+00 167   .904996  3.6552E-01 -7.5821E+00
 168   .912370  3.9576E-01 -8.2093E+00 169   .919432  4.2686E-01 -8.8566E+00
 170   .926176  4.5865E-01 -9.5209E+00 171   .932597  4.9096E-01 -1.0199E+01
 172   .938694  5.2361E-01 -1.0887E+01 173   .944467  5.5643E-01 -1.1582E+01
 174   .949920  5.8923E-01 -1.2281E+01 175   .955060  6.2188E-01 -1.2979E+01
 176   .959898  6.5423E-01 -1.3675E+01 177   .964444  6.8618E-01 -1.4363E+01
 178   .968713  7.1764E-01 -1.5041E+01 179   .972714  7.4849E-01 -1.5701E+01
 180   .976449  7.7852E-01 -1.6336E+01 181   .979904  8.0738E-01 -1.6937E+01
 182   .983047  8.3451E-01 -1.7496E+01 183   .985849  8.5938E-01 -1.8008E+01
 184   .988320  8.8185E-01 -1.8478E+01 185   .990516  9.0225E-01 -1.8912E+01
 186   .992168  9.1794E-01 -1.9249E+01 187   .993458  9.3044E-01 -1.9518E+01
 188   .994497  9.4069E-01 -1.9736E+01 189   .995351  9.4930E-01 -1.9916E+01
 190   .996063  9.5671E-01 -2.0066E+01 191   .996664  9.6333E-01 -2.0191E+01
 192   .997171  9.6943E-01 -2.0296E+01 193   .997603  9.7481E-01 -2.0381E+01
 194   .997981  9.7920E-01 -2.0451E+01 195   .998321  9.8284E-01 -2.0510E+01
 196   .998639  9.8610E-01 -2.0561E+01 197   .998947  9.8922E-01 -2.0602E+01
 198   .999260  9.9239E-01 -2.0632E+01 199   .999597  9.9583E-01 -2.0639E+01
 200  1.000000  1.0000E+00 -2.0586E+01