 MASS (IN MSUN)=  6.500
 X=  .740 Y=  .240
 L=     0.
 GUESSED PERIOD=  6.000000E+03 SEC
 NTRY=  1 EIG=  1.0966227E-06 DEIG= -8.04379E-08
 NTRY=  2 EIG=  1.0161848E-06 DEIG=  1.69427E-08
 NTRY=  3 EIG=  1.0331275E-06 DEIG=  9.45411E-10
 NTRY=  4 EIG=  1.0340729E-06 DEIG= -2.79088E-13
 FINAL VALUES: PERIOD=   6.178803E+03 EIG=  1.034072586E-06
  0 RADIAL NODES IN Y1
                   2(N, R/R* ,  Y1  ,  Y2)
   2   .032243  5.3791E-02 -2.6252E-01   3   .040970  5.3813E-02 -2.6295E-01
   4   .047248  5.3846E-02 -2.6332E-01   5   .052374  5.3880E-02 -2.6367E-01
   6   .056813  5.3914E-02 -2.6399E-01   7   .060792  5.3948E-02 -2.6431E-01
   8   .064439  5.3982E-02 -2.6462E-01   9   .067837  5.4016E-02 -2.6493E-01
  10   .071040  5.4049E-02 -2.6523E-01  11   .074087  5.4082E-02 -2.6554E-01
  12   .077008  5.4116E-02 -2.6584E-01  13   .079824  5.4150E-02 -2.6615E-01
  14   .082553  5.4184E-02 -2.6646E-01  15   .085209  5.4218E-02 -2.6677E-01
  16   .087803  5.4253E-02 -2.6708E-01  17   .090344  5.4288E-02 -2.6740E-01
  18   .092840  5.4324E-02 -2.6772E-01  19   .095298  5.4360E-02 -2.6805E-01
  20   .097724  5.4397E-02 -2.6838E-01  21   .100122  5.4434E-02 -2.6872E-01
  22   .102496  5.4472E-02 -2.6906E-01  23   .104851  5.4511E-02 -2.6941E-01
  24   .107190  5.4550E-02 -2.6977E-01  25   .109516  5.4591E-02 -2.7013E-01
  26   .111832  5.4632E-02 -2.7050E-01  27   .114139  5.4673E-02 -2.7088E-01
  28   .116442  5.4716E-02 -2.7127E-01  29   .118740  5.4760E-02 -2.7167E-01
  30   .121037  5.4805E-02 -2.7207E-01  31   .123335  5.4850E-02 -2.7249E-01
  32   .125633  5.4897E-02 -2.7292E-01  33   .127936  5.4945E-02 -2.7335E-01
  34   .130243  5.4994E-02 -2.7380E-01  35   .132556  5.5044E-02 -2.7426E-01
  36   .134876  5.5096E-02 -2.7473E-01  37   .137205  5.5149E-02 -2.7521E-01
  38   .139544  5.5203E-02 -2.7571E-01  39   .141894  5.5258E-02 -2.7622E-01
  40   .144255  5.5315E-02 -2.7674E-01  41   .146630  5.5374E-02 -2.7728E-01
  42   .149018  5.5434E-02 -2.7784E-01  43   .151421  5.5496E-02 -2.7841E-01
  44   .153840  5.5559E-02 -2.7899E-01  45   .156275  5.5624E-02 -2.7959E-01
  46   .158728  5.5691E-02 -2.8021E-01  47   .161199  5.5760E-02 -2.8085E-01
  48   .163690  5.5831E-02 -2.8151E-01  49   .166200  5.5904E-02 -2.8219E-01
  50   .168731  5.5979E-02 -2.8289E-01  51   .171284  5.6056E-02 -2.8361E-01
  52   .173858  5.6135E-02 -2.8436E-01  53   .176456  5.6217E-02 -2.8513E-01
  54   .179078  5.6302E-02 -2.8592E-01  55   .181724  5.6389E-02 -2.8674E-01
  56   .184396  5.6478E-02 -2.8758E-01  57   .187093  5.6571E-02 -2.8846E-01
  58   .189817  5.6666E-02 -2.8936E-01  59   .192569  5.6764E-02 -2.9030E-01
  60   .195348  5.6866E-02 -2.9126E-01  61   .198157  5.6971E-02 -2.9226E-01
  62   .200995  5.7079E-02 -2.9330E-01  63   .203864  5.7191E-02 -2.9437E-01
  64   .206763  5.7307E-02 -2.9549E-01  65   .209694  5.7426E-02 -2.9664E-01
  66   .212657  5.7550E-02 -2.9783E-01  67   .215654  5.7677E-02 -2.9908E-01
  68   .218684  5.7810E-02 -3.0036E-01  69   .221749  5.7946E-02 -3.0170E-01
  70   .224850  5.8088E-02 -3.0309E-01  71   .227988  5.8235E-02 -3.0453E-01
  72   .231165  5.8388E-02 -3.0604E-01  73   .234381  5.8546E-02 -3.0760E-01
  74   .237639  5.8710E-02 -3.0922E-01  75   .240938  5.8881E-02 -3.1092E-01
  76   .244282  5.9058E-02 -3.1268E-01  77   .247671  5.9243E-02 -3.1452E-01
  78   .251106  5.9435E-02 -3.1644E-01  79   .254589  5.9635E-02 -3.1844E-01
  80   .258122  5.9843E-02 -3.2053E-01  81   .261707  6.0061E-02 -3.2271E-01
  82   .265344  6.0287E-02 -3.2499E-01  83   .269035  6.0524E-02 -3.2738E-01
  84   .272782  6.0770E-02 -3.2987E-01  85   .276587  6.1028E-02 -3.3248E-01
  86   .280452  6.1298E-02 -3.3521E-01  87   .284378  6.1579E-02 -3.3808E-01
  88   .288367  6.1874E-02 -3.4108E-01  89   .292421  6.2183E-02 -3.4422E-01
  90   .296542  6.2506E-02 -3.4753E-01  91   .300732  6.2844E-02 -3.5099E-01
  92   .304993  6.3199E-02 -3.5464E-01  93   .309328  6.3572E-02 -3.5847E-01
  94   .313737  6.3962E-02 -3.6250E-01  95   .318225  6.4373E-02 -3.6674E-01
  96   .322792  6.4804E-02 -3.7120E-01  97   .327442  6.5257E-02 -3.7591E-01
  98   .332176  6.5734E-02 -3.8087E-01  99   .336997  6.6236E-02 -3.8610E-01
 100   .341908  6.6765E-02 -3.9163E-01 101   .346910  6.7322E-02 -3.9747E-01
 102   .352008  6.7909E-02 -4.0364E-01 103   .357193  6.8529E-02 -4.1018E-01
 104   .362487  6.9183E-02 -4.1709E-01 105   .367884  6.9874E-02 -4.2442E-01
 106   .373386  7.0604E-02 -4.3219E-01 107   .378997  7.1377E-02 -4.4043E-01
 108   .384718  7.2194E-02 -4.4918E-01 109   .390554  7.3059E-02 -4.5847E-01
 110   .396506  7.3976E-02 -4.6836E-01 111   .402578  7.4949E-02 -4.7887E-01
 112   .408773  7.5980E-02 -4.9007E-01 113   .415093  7.7075E-02 -5.0200E-01
 114   .421541  7.8239E-02 -5.1473E-01 115   .428120  7.9476E-02 -5.2831E-01
 116   .434833  8.0791E-02 -5.4282E-01 117   .441682  8.2191E-02 -5.5832E-01
 118   .448669  8.3682E-02 -5.7490E-01 119   .455798  8.5271E-02 -5.9265E-01
 120   .463070  8.6966E-02 -6.1166E-01 121   .470488  8.8773E-02 -6.3203E-01
 122   .478053  9.0703E-02 -6.5389E-01 123   .485767  9.2765E-02 -6.7735E-01
 124   .493631  9.4967E-02 -7.0255E-01 125   .501647  9.7323E-02 -7.2963E-01
 126   .509815  9.9842E-02 -7.5875E-01 127   .518136  1.0254E-01 -7.9008E-01
 128   .526611  1.0543E-01 -8.2381E-01 129   .535237  1.0852E-01 -8.6014E-01
 130   .544015  1.1183E-01 -8.9929E-01 131   .552943  1.1538E-01 -9.4150E-01
 132   .562020  1.1919E-01 -9.8701E-01 133   .571243  1.2327E-01 -1.0361E+00
 134   .580608  1.2765E-01 -1.0891E+00 135   .590112  1.3235E-01 -1.1462E+00
 136   .599751  1.3738E-01 -1.2079E+00 137   .609518  1.4278E-01 -1.2745E+00
 138   .619409  1.4857E-01 -1.3463E+00 139   .629415  1.5477E-01 -1.4239E+00
 140   .639530  1.6142E-01 -1.5075E+00 141   .649744  1.6854E-01 -1.5976E+00
 142   .660049  1.7617E-01 -1.6948E+00 143   .670434  1.8433E-01 -1.7994E+00
 144   .680888  1.9305E-01 -1.9120E+00 145   .691398  2.0236E-01 -2.0331E+00
 146   .701953  2.1230E-01 -2.1632E+00 147   .712537  2.2289E-01 -2.3028E+00
 148   .723137  2.3416E-01 -2.4525E+00 149   .733738  2.4615E-01 -2.6126E+00
 150   .744323  2.5887E-01 -2.7836E+00 151   .754877  2.7234E-01 -2.9661E+00
 152   .765381  2.8659E-01 -3.1603E+00 153   .775819  3.0163E-01 -3.3667E+00
 154   .786172  3.1747E-01 -3.5854E+00 155   .796423  3.3410E-01 -3.8166E+00
 156   .806552  3.5154E-01 -4.0605E+00 157   .816542  3.6977E-01 -4.3170E+00
 158   .826375  3.8876E-01 -4.5860E+00 159   .836032  4.0850E-01 -4.8671E+00
 160   .845496  4.2894E-01 -5.1600E+00 161   .854750  4.5005E-01 -5.4641E+00
 162   .863777  4.7176E-01 -5.7788E+00 163   .872561  4.9401E-01 -6.1030E+00
 164   .881089  5.1674E-01 -6.4358E+00 165   .889345  5.3985E-01 -6.7761E+00
 166   .897318  5.6327E-01 -7.1225E+00 167   .904996  5.8688E-01 -7.4737E+00
 168   .912370  6.1060E-01 -7.8281E+00 169   .919432  6.3432E-01 -8.1843E+00
 170   .926176  6.5793E-01 -8.5406E+00 171   .932597  6.8133E-01 -8.8956E+00
 172   .938694  7.0442E-01 -9.2477E+00 173   .944467  7.2710E-01 -9.5956E+00
 174   .949920  7.4931E-01 -9.9382E+00 175   .955060  7.7097E-01 -1.0274E+01
 176   .959898  7.9205E-01 -1.0603E+01 177   .964444  8.1250E-01 -1.0923E+01
 178   .968713  8.3232E-01 -1.1232E+01 179   .972714  8.5146E-01 -1.1530E+01
 180   .976449  8.6985E-01 -1.1813E+01 181   .979904  8.8729E-01 -1.2077E+01
 182   .983047  9.0350E-01 -1.2320E+01 183   .985849  9.1820E-01 -1.2540E+01
 184   .988320  9.3135E-01 -1.2741E+01 185   .990516  9.4320E-01 -1.2927E+01
 186   .992168  9.5225E-01 -1.3072E+01 187   .993458  9.5943E-01 -1.3189E+01
 188   .994497  9.6531E-01 -1.3287E+01 189   .995351  9.7024E-01 -1.3372E+01
 190   .996063  9.7449E-01 -1.3447E+01 191   .996664  9.7833E-01 -1.3516E+01
 192   .997171  9.8190E-01 -1.3581E+01 193   .997603  9.8506E-01 -1.3645E+01
 194   .997981  9.8763E-01 -1.3712E+01 195   .998321  9.8974E-01 -1.3788E+01
 196   .998639  9.9162E-01 -1.3880E+01 197   .998947  9.9343E-01 -1.4001E+01
 198   .999260  9.9530E-01 -1.4175E+01 199   .999597  9.9737E-01 -1.4455E+01
 200  1.000000  1.0000E+00 -1.5010E+01
 GUESSED PERIOD=  5.000000E+03 SEC
 NTRY=  1 EIG=  1.5791367E-06 DEIG=  1.87713E-07
 NTRY=  2 EIG=  1.7370504E-06 DEIG=  4.70452E-08
 NTRY=  3 EIG=  1.7840955E-06 DEIG=  2.35635E-09
 NTRY=  4 EIG=  1.7864519E-06 DEIG=  1.60679E-12
 FINAL VALUES: PERIOD=   4.700932E+03 EIG=  1.786453504E-06
  1 RADIAL NODES IN Y1
                   2(N, R/R* ,  Y1  ,  Y2)
   2   .032243 -1.1688E-02  5.7041E-02   3   .040970 -1.1691E-02  5.7104E-02
   4   .047248 -1.1695E-02  5.7159E-02   5   .052374 -1.1700E-02  5.7210E-02
   6   .056813 -1.1705E-02  5.7258E-02   7   .060792 -1.1710E-02  5.7304E-02
   8   .064439 -1.1715E-02  5.7350E-02   9   .067837 -1.1719E-02  5.7394E-02
  10   .071040 -1.1724E-02  5.7439E-02  11   .074087 -1.1729E-02  5.7483E-02
  12   .077008 -1.1734E-02  5.7527E-02  13   .079824 -1.1738E-02  5.7571E-02
  14   .082553 -1.1743E-02  5.7615E-02  15   .085209 -1.1748E-02  5.7660E-02
  16   .087803 -1.1753E-02  5.7705E-02  17   .090344 -1.1757E-02  5.7750E-02
  18   .092840 -1.1762E-02  5.7796E-02  19   .095298 -1.1767E-02  5.7842E-02
  20   .097724 -1.1772E-02  5.7890E-02  21   .100122 -1.1778E-02  5.7937E-02
  22   .102496 -1.1783E-02  5.7986E-02  23   .104851 -1.1788E-02  5.8035E-02
  24   .107190 -1.1794E-02  5.8085E-02  25   .109516 -1.1799E-02  5.8136E-02
  26   .111832 -1.1805E-02  5.8188E-02  27   .114139 -1.1810E-02  5.8241E-02
  28   .116442 -1.1816E-02  5.8295E-02  29   .118740 -1.1822E-02  5.8350E-02
  30   .121037 -1.1828E-02  5.8406E-02  31   .123335 -1.1834E-02  5.8463E-02
  32   .125633 -1.1841E-02  5.8521E-02  33   .127936 -1.1847E-02  5.8581E-02
  34   .130243 -1.1854E-02  5.8642E-02  35   .132556 -1.1860E-02  5.8704E-02
  36   .134876 -1.1867E-02  5.8768E-02  37   .137205 -1.1874E-02  5.8833E-02
  38   .139544 -1.1881E-02  5.8899E-02  39   .141894 -1.1889E-02  5.8967E-02
  40   .144255 -1.1896E-02  5.9037E-02  41   .146630 -1.1904E-02  5.9108E-02
  42   .149018 -1.1912E-02  5.9181E-02  43   .151421 -1.1920E-02  5.9256E-02
  44   .153840 -1.1928E-02  5.9332E-02  45   .156275 -1.1936E-02  5.9411E-02
  46   .158728 -1.1945E-02  5.9491E-02  47   .161199 -1.1954E-02  5.9573E-02
  48   .163690 -1.1963E-02  5.9658E-02  49   .166200 -1.1972E-02  5.9744E-02
  50   .168731 -1.1982E-02  5.9833E-02  51   .171284 -1.1992E-02  5.9923E-02
  52   .173858 -1.2002E-02  6.0016E-02  53   .176456 -1.2012E-02  6.0112E-02
  54   .179078 -1.2023E-02  6.0210E-02  55   .181724 -1.2033E-02  6.0310E-02
  56   .184396 -1.2045E-02  6.0414E-02  57   .187093 -1.2056E-02  6.0519E-02
  58   .189817 -1.2068E-02  6.0628E-02  59   .192569 -1.2080E-02  6.0739E-02
  60   .195348 -1.2092E-02  6.0854E-02  61   .198157 -1.2105E-02  6.0971E-02
  62   .200995 -1.2118E-02  6.1091E-02  63   .203864 -1.2131E-02  6.1215E-02
  64   .206763 -1.2145E-02  6.1342E-02  65   .209694 -1.2159E-02  6.1472E-02
  66   .212657 -1.2173E-02  6.1606E-02  67   .215654 -1.2188E-02  6.1743E-02
  68   .218684 -1.2203E-02  6.1884E-02  69   .221749 -1.2219E-02  6.2029E-02
  70   .224850 -1.2235E-02  6.2177E-02  71   .227988 -1.2252E-02  6.2330E-02
  72   .231165 -1.2269E-02  6.2486E-02  73   .234381 -1.2286E-02  6.2646E-02
  74   .237639 -1.2304E-02  6.2811E-02  75   .240938 -1.2323E-02  6.2980E-02
  76   .244282 -1.2342E-02  6.3153E-02  77   .247671 -1.2362E-02  6.3331E-02
  78   .251106 -1.2382E-02  6.3512E-02  79   .254589 -1.2403E-02  6.3698E-02
  80   .258122 -1.2425E-02  6.3889E-02  81   .261707 -1.2447E-02  6.4083E-02
  82   .265344 -1.2470E-02  6.4282E-02  83   .269035 -1.2493E-02  6.4485E-02
  84   .272782 -1.2517E-02  6.4691E-02  85   .276587 -1.2542E-02  6.4902E-02
  86   .280452 -1.2568E-02  6.5116E-02  87   .284378 -1.2594E-02  6.5333E-02
  88   .288367 -1.2621E-02  6.5552E-02  89   .292421 -1.2649E-02  6.5774E-02
  90   .296542 -1.2678E-02  6.5998E-02  91   .300732 -1.2707E-02  6.6223E-02
  92   .304993 -1.2737E-02  6.6448E-02  93   .309328 -1.2767E-02  6.6672E-02
  94   .313737 -1.2799E-02  6.6894E-02  95   .318225 -1.2831E-02  6.7114E-02
  96   .322792 -1.2863E-02  6.7329E-02  97   .327442 -1.2896E-02  6.7537E-02
  98   .332176 -1.2929E-02  6.7737E-02  99   .336997 -1.2963E-02  6.7926E-02
 100   .341908 -1.2997E-02  6.8102E-02 101   .346910 -1.3031E-02  6.8260E-02
 102   .352008 -1.3065E-02  6.8399E-02 103   .357193 -1.3099E-02  6.8512E-02
 104   .362487 -1.3132E-02  6.8596E-02 105   .367884 -1.3165E-02  6.8645E-02
 106   .373386 -1.3196E-02  6.8652E-02 107   .378997 -1.3226E-02  6.8609E-02
 108   .384718 -1.3254E-02  6.8508E-02 109   .390554 -1.3280E-02  6.8339E-02
 110   .396506 -1.3303E-02  6.8089E-02 111   .402578 -1.3323E-02  6.7747E-02
 112   .408773 -1.3338E-02  6.7296E-02 113   .415093 -1.3347E-02  6.6719E-02
 114   .421541 -1.3351E-02  6.5995E-02 115   .428120 -1.3347E-02  6.5101E-02
 116   .434833 -1.3334E-02  6.4010E-02 117   .441682 -1.3310E-02  6.2692E-02
 118   .448669 -1.3274E-02  6.1110E-02 119   .455798 -1.3223E-02  5.9223E-02
 120   .463070 -1.3155E-02  5.6984E-02 121   .470488 -1.3067E-02  5.4339E-02
 122   .478053 -1.2956E-02  5.1226E-02 123   .485767 -1.2817E-02  4.7573E-02
 124   .493631 -1.2647E-02  4.3297E-02 125   .501647 -1.2441E-02  3.8305E-02
 126   .509815 -1.2191E-02  3.2487E-02 127   .518136 -1.1893E-02  2.5719E-02
 128   .526611 -1.1538E-02  1.7860E-02 129   .535237 -1.1118E-02  8.7449E-03
 130   .544015 -1.0623E-02 -1.8116E-03 131   .552943 -1.0041E-02 -1.4023E-02
 132   .562020 -9.3600E-03 -2.8131E-02 133   .571243 -8.5651E-03 -4.4412E-02
 134   .580608 -7.6398E-03 -6.3182E-02 135   .590112 -6.5656E-03 -8.4796E-02
 136   .599751 -5.3214E-03 -1.0966E-01 137   .609518 -3.8835E-03 -1.3822E-01
 138   .619409 -2.2254E-03 -1.7100E-01 139   .629415 -3.1760E-04 -2.0858E-01
 140   .639530  1.8730E-03 -2.5159E-01 141   .649744  4.3829E-03 -3.0075E-01
 142   .660049  7.2525E-03 -3.5687E-01 143   .670434  1.0526E-02 -4.2083E-01
 144   .680888  1.4253E-02 -4.9358E-01 145   .691398  1.8484E-02 -5.7620E-01
 146   .701953  2.3279E-02 -6.6984E-01 147   .712537  2.8696E-02 -7.7574E-01
 148   .723137  3.4802E-02 -8.9524E-01 149   .733738  4.1665E-02 -1.0297E+00
 150   .744323  4.9356E-02 -1.1808E+00 151   .754877  5.7949E-02 -1.3498E+00
 152   .765381  6.7519E-02 -1.5386E+00 153   .775819  7.8142E-02 -1.7486E+00
 154   .786172  8.9892E-02 -1.9815E+00 155   .796423  1.0284E-01 -2.2388E+00
 156   .806552  1.1706E-01 -2.5222E+00 157   .816542  1.3260E-01 -2.8330E+00
 158   .826375  1.4952E-01 -3.1724E+00 159   .836032  1.6786E-01 -3.5414E+00
 160   .845496  1.8765E-01 -3.9409E+00 161   .854750  2.0891E-01 -4.3713E+00
 162   .863777  2.3162E-01 -4.8328E+00 163   .872561  2.5577E-01 -5.3251E+00
 164   .881089  2.8131E-01 -5.8476E+00 165   .889345  3.0817E-01 -6.3990E+00
 166   .897318  3.3628E-01 -6.9778E+00 167   .904996  3.6552E-01 -7.5821E+00
 168   .912370  3.9576E-01 -8.2093E+00 169   .919432  4.2686E-01 -8.8566E+00
 170   .926176  4.5865E-01 -9.5209E+00 171   .932597  4.9096E-01 -1.0199E+01
 172   .938694  5.2361E-01 -1.0887E+01 173   .944467  5.5643E-01 -1.1582E+01
 174   .949920  5.8923E-01 -1.2281E+01 175   .955060  6.2188E-01 -1.2979E+01
 176   .959898  6.5423E-01 -1.3675E+01 177   .964444  6.8618E-01 -1.4363E+01
 178   .968713  7.1764E-01 -1.5041E+01 179   .972714  7.4849E-01 -1.5701E+01
 180   .976449  7.7852E-01 -1.6336E+01 181   .979904  8.0738E-01 -1.6937E+01
 182   .983047  8.3451E-01 -1.7496E+01 183   .985849  8.5938E-01 -1.8008E+01
 184   .988320  8.8185E-01 -1.8478E+01 185   .990516  9.0225E-01 -1.8912E+01
 186   .992168  9.1794E-01 -1.9249E+01 187   .993458  9.3044E-01 -1.9518E+01
 188   .994497  9.4069E-01 -1.9736E+01 189   .995351  9.4930E-01 -1.9916E+01
 190   .996063  9.5671E-01 -2.0066E+01 191   .996664  9.6333E-01 -2.0191E+01
 192   .997171  9.6943E-01 -2.0296E+01 193   .997603  9.7481E-01 -2.0381E+01
 194   .997981  9.7920E-01 -2.0451E+01 195   .998321  9.8284E-01 -2.0510E+01
 196   .998639  9.8610E-01 -2.0561E+01 197   .998947  9.8922E-01 -2.0602E+01
 198   .999260  9.9239E-01 -2.0632E+01 199   .999597  9.9583E-01 -2.0639E+01
 200  1.000000  1.0000E+00 -2.0586E+01
 GUESSED PERIOD=  4.000000E+03 SEC
 NTRY=  1 EIG=  2.4674011E-06 DEIG=  5.56878E-07
 NTRY=  2 EIG=  2.7141412E-06 DEIG=  2.18488E-07
 NTRY=  3 EIG=  2.9326294E-06 DEIG=  1.61342E-08
 NTRY=  4 EIG=  2.9487636E-06 DEIG=  1.54857E-10
 NTRY=  5 EIG=  2.9489184E-06 DEIG= -3.22367E-13
 FINAL VALUES: PERIOD=   3.658883E+03 EIG=  2.948918104E-06
  2 RADIAL NODES IN Y1
                   2(N, R/R* ,  Y1  ,  Y2)
   2   .032243  3.8354E-03 -1.8718E-02   3   .040970  3.8356E-03 -1.8724E-02
   4   .047248  3.8358E-03 -1.8729E-02   5   .052374  3.8361E-03 -1.8733E-02
   6   .056813  3.8364E-03 -1.8737E-02   7   .060792  3.8367E-03 -1.8741E-02
   8   .064439  3.8369E-03 -1.8745E-02   9   .067837  3.8372E-03 -1.8749E-02
  10   .071040  3.8374E-03 -1.8752E-02  11   .074087  3.8376E-03 -1.8755E-02
  12   .077008  3.8379E-03 -1.8759E-02  13   .079824  3.8381E-03 -1.8762E-02
  14   .082553  3.8383E-03 -1.8765E-02  15   .085209  3.8385E-03 -1.8768E-02
  16   .087803  3.8387E-03 -1.8771E-02  17   .090344  3.8389E-03 -1.8774E-02
  18   .092840  3.8391E-03 -1.8777E-02  19   .095298  3.8393E-03 -1.8780E-02
  20   .097724  3.8395E-03 -1.8783E-02  21   .100122  3.8397E-03 -1.8786E-02
  22   .102496  3.8399E-03 -1.8789E-02  23   .104851  3.8401E-03 -1.8791E-02
  24   .107190  3.8403E-03 -1.8794E-02  25   .109516  3.8404E-03 -1.8797E-02
  26   .111832  3.8406E-03 -1.8799E-02  27   .114139  3.8408E-03 -1.8802E-02
  28   .116442  3.8409E-03 -1.8804E-02  29   .118740  3.8411E-03 -1.8807E-02
  30   .121037  3.8412E-03 -1.8809E-02  31   .123335  3.8413E-03 -1.8811E-02
  32   .125633  3.8415E-03 -1.8813E-02  33   .127936  3.8416E-03 -1.8815E-02
  34   .130243  3.8417E-03 -1.8817E-02  35   .132556  3.8418E-03 -1.8819E-02
  36   .134876  3.8419E-03 -1.8821E-02  37   .137205  3.8419E-03 -1.8822E-02
  38   .139544  3.8420E-03 -1.8823E-02  39   .141894  3.8421E-03 -1.8825E-02
  40   .144255  3.8421E-03 -1.8826E-02  41   .146630  3.8421E-03 -1.8826E-02
  42   .149018  3.8421E-03 -1.8827E-02  43   .151421  3.8421E-03 -1.8827E-02
  44   .153840  3.8420E-03 -1.8827E-02  45   .156275  3.8420E-03 -1.8827E-02
  46   .158728  3.8419E-03 -1.8827E-02  47   .161199  3.8418E-03 -1.8826E-02
  48   .163690  3.8416E-03 -1.8825E-02  49   .166200  3.8415E-03 -1.8823E-02
  50   .168731  3.8413E-03 -1.8821E-02  51   .171284  3.8410E-03 -1.8818E-02
  52   .173858  3.8407E-03 -1.8815E-02  53   .176456  3.8404E-03 -1.8812E-02
  54   .179078  3.8400E-03 -1.8808E-02  55   .181724  3.8396E-03 -1.8803E-02
  56   .184396  3.8392E-03 -1.8798E-02  57   .187093  3.8387E-03 -1.8792E-02
  58   .189817  3.8381E-03 -1.8785E-02  59   .192569  3.8374E-03 -1.8777E-02
  60   .195348  3.8367E-03 -1.8768E-02  61   .198157  3.8359E-03 -1.8758E-02
  62   .200995  3.8351E-03 -1.8747E-02  63   .203864  3.8341E-03 -1.8735E-02
  64   .206763  3.8330E-03 -1.8722E-02  65   .209694  3.8319E-03 -1.8707E-02
  66   .212657  3.8306E-03 -1.8691E-02  67   .215654  3.8292E-03 -1.8673E-02
  68   .218684  3.8277E-03 -1.8653E-02  69   .221749  3.8261E-03 -1.8631E-02
  70   .224850  3.8242E-03 -1.8607E-02  71   .227988  3.8223E-03 -1.8581E-02
  72   .231165  3.8201E-03 -1.8552E-02  73   .234381  3.8178E-03 -1.8520E-02
  74   .237639  3.8153E-03 -1.8486E-02  75   .240938  3.8125E-03 -1.8448E-02
  76   .244282  3.8096E-03 -1.8407E-02  77   .247671  3.8063E-03 -1.8361E-02
  78   .251106  3.8028E-03 -1.8312E-02  79   .254589  3.7990E-03 -1.8258E-02
  80   .258122  3.7948E-03 -1.8199E-02  81   .261707  3.7903E-03 -1.8134E-02
  82   .265344  3.7853E-03 -1.8063E-02  83   .269035  3.7800E-03 -1.7986E-02
  84   .272782  3.7741E-03 -1.7901E-02  85   .276587  3.7678E-03 -1.7809E-02
  86   .280452  3.7608E-03 -1.7708E-02  87   .284378  3.7533E-03 -1.7597E-02
  88   .288367  3.7451E-03 -1.7476E-02  89   .292421  3.7361E-03 -1.7343E-02
  90   .296542  3.7263E-03 -1.7197E-02  91   .300732  3.7155E-03 -1.7038E-02
  92   .304993  3.7038E-03 -1.6864E-02  93   .309328  3.6910E-03 -1.6672E-02
  94   .313737  3.6770E-03 -1.6462E-02  95   .318225  3.6616E-03 -1.6232E-02
  96   .322792  3.6448E-03 -1.5980E-02  97   .327442  3.6264E-03 -1.5702E-02
  98   .332176  3.6062E-03 -1.5398E-02  99   .336997  3.5840E-03 -1.5063E-02
 100   .341908  3.5597E-03 -1.4695E-02 101   .346910  3.5330E-03 -1.4290E-02
 102   .352008  3.5036E-03 -1.3845E-02 103   .357193  3.4712E-03 -1.3355E-02
 104   .362487  3.4356E-03 -1.2815E-02 105   .367884  3.3965E-03 -1.2221E-02
 106   .373386  3.3533E-03 -1.1566E-02 107   .378997  3.3058E-03 -1.0844E-02
 108   .384718  3.2534E-03 -1.0048E-02 109   .390554  3.1956E-03 -9.1696E-03
 110   .396506  3.1318E-03 -8.2005E-03 111   .402578  3.0614E-03 -7.1307E-03
 112   .408773  2.9835E-03 -5.9497E-03 113   .415093  2.8976E-03 -4.6456E-03
 114   .421541  2.8026E-03 -3.2054E-03 115   .428120  2.6975E-03 -1.6147E-03
 116   .434833  2.5814E-03  1.4208E-04 117   .441682  2.4529E-03  2.0822E-03
 118   .448669  2.3108E-03  4.2243E-03 119   .455798  2.1537E-03  6.5889E-03
 120   .463070  1.9798E-03  9.1979E-03 121   .470488  1.7876E-03  1.2075E-02
 122   .478053  1.5750E-03  1.5245E-02 123   .485767  1.3401E-03  1.8736E-02
 124   .493631  1.0806E-03  2.2575E-02 125   .501647  7.9415E-04  2.6791E-02
 126   .509815  4.7816E-04  3.1413E-02 127   .518136  1.2996E-04  3.6472E-02
 128   .526611 -2.5328E-04  4.1995E-02 129   .535237 -6.7447E-04  4.8008E-02
 130   .544015 -1.1366E-03  5.4532E-02 131   .552943 -1.6426E-03  6.1585E-02
 132   .562020 -2.1953E-03  6.9172E-02 133   .571243 -2.7974E-03  7.7289E-02
 134   .580608 -3.4511E-03  8.5914E-02 135   .590112 -4.1583E-03  9.5003E-02
 136   .599751 -4.9199E-03  1.0449E-01 137   .609518 -5.7359E-03  1.1425E-01
 138   .619409 -6.6049E-03  1.2415E-01 139   .629415 -7.5236E-03  1.3398E-01
 140   .639530 -8.4865E-03  1.4344E-01 141   .649744 -9.4853E-03  1.5218E-01
 142   .660049 -1.0508E-02  1.5973E-01 143   .670434 -1.1539E-02  1.6549E-01
 144   .680888 -1.2556E-02  1.6872E-01 145   .691398 -1.3533E-02  1.6852E-01
 146   .701953 -1.4435E-02  1.6376E-01 147   .712537 -1.5218E-02  1.5310E-01
 148   .723137 -1.5833E-02  1.3495E-01 149   .733738 -1.6216E-02  1.0742E-01
 150   .744323 -1.6294E-02  6.8316E-02 151   .754877 -1.5981E-02  1.5084E-02
 152   .765381 -1.5178E-02 -5.5173E-02 153   .775819 -1.3773E-02 -1.4573E-01
 154   .786172 -1.1640E-02 -2.6022E-01 155   .796423 -8.6398E-03 -4.0266E-01
 156   .806552 -4.6221E-03 -5.7737E-01 157   .816542  5.7479E-04 -7.8898E-01
 158   .826375  7.1202E-03 -1.0423E+00 159   .836032  1.5188E-02 -1.3423E+00
 160   .845496  2.4953E-02 -1.6940E+00 161   .854750  3.6587E-02 -2.1021E+00
 162   .863777  5.0249E-02 -2.5714E+00 163   .872561  6.6087E-02 -3.1058E+00
 164   .881089  8.4223E-02 -3.7089E+00 165   .889345  1.0475E-01 -4.3835E+00
 166   .897318  1.2774E-01 -5.1313E+00 167   .904996  1.5321E-01 -5.9529E+00
 168   .912370  1.8114E-01 -6.8480E+00 169   .919432  2.1147E-01 -7.8148E+00
 170   .926176  2.4408E-01 -8.8504E+00 171   .932597  2.7883E-01 -9.9506E+00
 172   .938694  3.1551E-01 -1.1110E+01 173   .944467  3.5392E-01 -1.2324E+01
 174   .949920  3.9380E-01 -1.3584E+01 175   .955060  4.3491E-01 -1.4885E+01
 176   .959898  4.7702E-01 -1.6217E+01 177   .964444  5.1990E-01 -1.7572E+01
 178   .968713  5.6332E-01 -1.8938E+01 179   .972714  6.0702E-01 -2.0301E+01
 180   .976449  6.5059E-01 -2.1640E+01 181   .979904  6.9337E-01 -2.2930E+01
 182   .983047  7.3439E-01 -2.4149E+01 183   .985849  7.7265E-01 -2.5286E+01
 184   .988320  8.0775E-01 -2.6342E+01 185   .990516  8.4009E-01 -2.7331E+01
 186   .992168  8.6521E-01 -2.8108E+01 187   .993458  8.8541E-01 -2.8732E+01
 188   .994497  9.0208E-01 -2.9242E+01 189   .995351  9.1614E-01 -2.9665E+01
 190   .996063  9.2828E-01 -3.0021E+01 191   .996664  9.3912E-01 -3.0322E+01
 192   .997171  9.4907E-01 -3.0575E+01 193   .997603  9.5785E-01 -3.0786E+01
 194   .997981  9.6509E-01 -3.0964E+01 195   .998321  9.7113E-01 -3.1122E+01
 196   .998639  9.7657E-01 -3.1265E+01 197   .998947  9.8182E-01 -3.1398E+01
 198   .999260  9.8715E-01 -3.1522E+01 199   .999597  9.9295E-01 -3.1629E+01
 200  1.000000  1.0000E+00 -3.1689E+01
 GUESSED PERIOD=  3.000000E+03 SEC
 NTRY=  1 EIG=  4.3864908E-06 DEIG=  3.60565E-08
 NTRY=  2 EIG=  4.4225474E-06 DEIG=  5.44741E-10
 NTRY=  3 EIG=  4.4230921E-06 DEIG= -1.07877E-12
 FINAL VALUES: PERIOD=   2.987562E+03 EIG=  4.423091021E-06
  3 RADIAL NODES IN Y1
                   2(N, R/R* ,  Y1  ,  Y2)
   2   .032243 -1.7610E-03  8.5944E-03   3   .040970 -1.7606E-03  8.5884E-03
   4   .047248 -1.7600E-03  8.5831E-03   5   .052374 -1.7594E-03  8.5780E-03
   6   .056813 -1.7588E-03  8.5731E-03   7   .060792 -1.7581E-03  8.5683E-03
   8   .064439 -1.7575E-03  8.5635E-03   9   .067837 -1.7568E-03  8.5587E-03
  10   .071040 -1.7562E-03  8.5539E-03  11   .074087 -1.7555E-03  8.5490E-03
  12   .077008 -1.7549E-03  8.5441E-03  13   .079824 -1.7542E-03  8.5390E-03
  14   .082553 -1.7535E-03  8.5339E-03  15   .085209 -1.7529E-03  8.5287E-03
  16   .087803 -1.7522E-03  8.5234E-03  17   .090344 -1.7514E-03  8.5179E-03
  18   .092840 -1.7507E-03  8.5123E-03  19   .095298 -1.7500E-03  8.5066E-03
  20   .097724 -1.7492E-03  8.5007E-03  21   .100122 -1.7484E-03  8.4946E-03
  22   .102496 -1.7476E-03  8.4884E-03  23   .104851 -1.7468E-03  8.4819E-03
  24   .107190 -1.7460E-03  8.4753E-03  25   .109516 -1.7451E-03  8.4684E-03
  26   .111832 -1.7442E-03  8.4613E-03  27   .114139 -1.7433E-03  8.4540E-03
  28   .116442 -1.7424E-03  8.4464E-03  29   .118740 -1.7414E-03  8.4386E-03
  30   .121037 -1.7404E-03  8.4305E-03  31   .123335 -1.7394E-03  8.4221E-03
  32   .125633 -1.7384E-03  8.4133E-03  33   .127936 -1.7373E-03  8.4043E-03
  34   .130243 -1.7362E-03  8.3949E-03  35   .132556 -1.7350E-03  8.3852E-03
  36   .134876 -1.7338E-03  8.3750E-03  37   .137205 -1.7326E-03  8.3645E-03
  38   .139544 -1.7313E-03  8.3536E-03  39   .141894 -1.7300E-03  8.3422E-03
  40   .144255 -1.7286E-03  8.3303E-03  41   .146630 -1.7272E-03  8.3180E-03
  42   .149018 -1.7257E-03  8.3051E-03  43   .151421 -1.7242E-03  8.2917E-03
  44   .153840 -1.7226E-03  8.2777E-03  45   .156275 -1.7210E-03  8.2631E-03
  46   .158728 -1.7193E-03  8.2479E-03  47   .161199 -1.7175E-03  8.2320E-03
  48   .163690 -1.7157E-03  8.2154E-03  49   .166200 -1.7138E-03  8.1980E-03
  50   .168731 -1.7118E-03  8.1799E-03  51   .171284 -1.7098E-03  8.1609E-03
  52   .173858 -1.7077E-03  8.1410E-03  53   .176456 -1.7054E-03  8.1201E-03
  54   .179078 -1.7031E-03  8.0983E-03  55   .181724 -1.7007E-03  8.0754E-03
  56   .184396 -1.6982E-03  8.0514E-03  57   .187093 -1.6956E-03  8.0262E-03
  58   .189817 -1.6929E-03  7.9998E-03  59   .192569 -1.6900E-03  7.9720E-03
  60   .195348 -1.6870E-03  7.9428E-03  61   .198157 -1.6839E-03  7.9121E-03
  62   .200995 -1.6807E-03  7.8798E-03  63   .203864 -1.6773E-03  7.8459E-03
  64   .206763 -1.6738E-03  7.8101E-03  65   .209694 -1.6701E-03  7.7724E-03
  66   .212657 -1.6662E-03  7.7326E-03  67   .215654 -1.6621E-03  7.6907E-03
  68   .218684 -1.6579E-03  7.6464E-03  69   .221749 -1.6534E-03  7.5996E-03
  70   .224850 -1.6487E-03  7.5502E-03  71   .227988 -1.6438E-03  7.4980E-03
  72   .231165 -1.6386E-03  7.4427E-03  73   .234381 -1.6332E-03  7.3842E-03
  74   .237639 -1.6275E-03  7.3222E-03  75   .240938 -1.6215E-03  7.2565E-03
  76   .244282 -1.6152E-03  7.1867E-03  77   .247671 -1.6085E-03  7.1127E-03
  78   .251106 -1.6015E-03  7.0341E-03  79   .254589 -1.5940E-03  6.9506E-03
  80   .258122 -1.5862E-03  6.8617E-03  81   .261707 -1.5779E-03  6.7672E-03
  82   .265344 -1.5691E-03  6.6664E-03  83   .269035 -1.5598E-03  6.5591E-03
  84   .272782 -1.5500E-03  6.4446E-03  85   .276587 -1.5395E-03  6.3225E-03
  86   .280452 -1.5285E-03  6.1920E-03  87   .284378 -1.5167E-03  6.0525E-03
  88   .288367 -1.5042E-03  5.9035E-03  89   .292421 -1.4909E-03  5.7439E-03
  90   .296542 -1.4767E-03  5.5730E-03  91   .300732 -1.4616E-03  5.3900E-03
  92   .304993 -1.4454E-03  5.1937E-03  93   .309328 -1.4282E-03  4.9832E-03
  94   .313737 -1.4098E-03  4.7571E-03  95   .318225 -1.3902E-03  4.5143E-03
  96   .322792 -1.3691E-03  4.2534E-03  97   .327442 -1.3466E-03  3.9728E-03
  98   .332176 -1.3224E-03  3.6709E-03  99   .336997 -1.2965E-03  3.3459E-03
 100   .341908 -1.2687E-03  2.9960E-03 101   .346910 -1.2389E-03  2.6189E-03
 102   .352008 -1.2067E-03  2.2125E-03 103   .357193 -1.1722E-03  1.7738E-03
 104   .362487 -1.1350E-03  1.3012E-03 105   .367884 -1.0950E-03  7.9143E-04
 106   .373386 -1.0518E-03  2.4147E-04 107   .378997 -1.0053E-03 -3.5185E-04
 108   .384718 -9.5517E-04 -9.9193E-04 109   .390554 -9.0106E-04 -1.6824E-03
 110   .396506 -8.4267E-04 -2.4270E-03 111   .402578 -7.7963E-04 -3.2296E-03
 112   .408773 -7.1156E-04 -4.0945E-03 113   .415093 -6.3808E-04 -5.0254E-03
 114   .421541 -5.5875E-04 -6.0268E-03 115   .428120 -4.7312E-04 -7.1027E-03
 116   .434833 -3.8073E-04 -8.2570E-03 117   .441682 -2.8109E-04 -9.4931E-03
 118   .448669 -1.7370E-04 -1.0814E-02 119   .455798 -5.8060E-05 -1.2223E-02
 120   .463070  6.6315E-05 -1.3720E-02 121   .470488  1.9991E-04 -1.5305E-02
 122   .478053  3.4315E-04 -1.6977E-02 123   .485767  4.9644E-04 -1.8730E-02
 124   .493631  6.6007E-04 -2.0557E-02 125   .501647  8.3423E-04 -2.2448E-02
 126   .509815  1.0190E-03 -2.4384E-02 127   .518136  1.2141E-03 -2.6344E-02
 128   .526611  1.4192E-03 -2.8297E-02 129   .535237  1.6335E-03 -3.0205E-02
 130   .544015  1.8559E-03 -3.2018E-02 131   .552943  2.0847E-03 -3.3674E-02
 132   .562020  2.3175E-03 -3.5095E-02 133   .571243  2.5514E-03 -3.6187E-02
 134   .580608  2.7825E-03 -3.6835E-02 135   .590112  3.0058E-03 -3.6903E-02
 136   .599751  3.2154E-03 -3.6230E-02 137   .609518  3.4037E-03 -3.4630E-02
 138   .619409  3.5620E-03 -3.1889E-02 139   .629415  3.6797E-03 -2.7765E-02
 140   .639530  3.7446E-03 -2.1993E-02 141   .649744  3.7430E-03 -1.4285E-02
 142   .660049  3.6591E-03 -4.3429E-03 143   .670434  3.4757E-03  8.1350E-03
 144   .680888  3.1746E-03  2.3433E-02 145   .691398  2.7365E-03  4.1794E-02
 146   .701953  2.1423E-03  6.3389E-02 147   .712537  1.3738E-03  8.8269E-02
 148   .723137  4.1506E-04  1.1632E-01 149   .733738 -7.4554E-04  1.4718E-01
 150   .744323 -2.1135E-03  1.8019E-01 151   .754877 -3.6857E-03  2.1426E-01
 152   .765381 -5.4468E-03  2.4781E-01 153   .775819 -7.3669E-03  2.7861E-01
 154   .786172 -9.3969E-03  3.0369E-01 155   .796423 -1.1466E-02  3.1922E-01
 156   .806552 -1.3475E-02  3.2035E-01 157   .816542 -1.5299E-02  3.0118E-01
 158   .826375 -1.6779E-02  2.5462E-01 159   .836032 -1.7721E-02  1.7239E-01
 160   .845496 -1.7898E-02  4.5040E-02 161   .854750 -1.7051E-02 -1.3799E-01
 162   .863777 -1.4892E-02 -3.8821E-01 163   .872561 -1.1106E-02 -7.1783E-01
 164   .881089 -5.3661E-03 -1.1395E+00 165   .889345  2.6624E-03 -1.6658E+00
 166   .897318  1.3307E-02 -2.3089E+00 167   .904996  2.6877E-02 -3.0802E+00
 168   .912370  4.3645E-02 -3.9896E+00 169   .919432  6.3838E-02 -5.0449E+00
 170   .926176  8.7623E-02 -6.2519E+00 171   .932597  1.1510E-01 -7.6139E+00
 172   .938694  1.4628E-01 -9.1311E+00 173   .944467  1.8113E-01 -1.0801E+01
 174   .949920  2.1952E-01 -1.2619E+01 175   .955060  2.6128E-01 -1.4577E+01
 176   .959898  3.0618E-01 -1.6665E+01 177   .964444  3.5399E-01 -1.8866E+01
 178   .968713  4.0441E-01 -2.1160E+01 179   .972714  4.5705E-01 -2.3518E+01
 180   .976449  5.1132E-01 -2.5898E+01 181   .979904  5.6623E-01 -2.8249E+01
 182   .983047  6.2028E-01 -3.0520E+01 183   .985849  6.7189E-01 -3.2679E+01
 184   .988320  7.2023E-01 -3.4721E+01 185   .990516  7.6558E-01 -3.6665E+01
 186   .992168  8.0135E-01 -3.8211E+01 187   .993458  8.3043E-01 -3.9464E+01
 188   .994497  8.5465E-01 -4.0496E+01 189   .995351  8.7521E-01 -4.1357E+01
 190   .996063  8.9306E-01 -4.2084E+01 191   .996664  9.0903E-01 -4.2701E+01
 192   .997171  9.2370E-01 -4.3222E+01 193   .997603  9.3668E-01 -4.3657E+01
 194   .997981  9.4743E-01 -4.4026E+01 195   .998321  9.5647E-01 -4.4352E+01
 196   .998639  9.6465E-01 -4.4650E+01 197   .998947  9.7254E-01 -4.4926E+01
 198   .999260  9.8059E-01 -4.5182E+01 199   .999597  9.8934E-01 -4.5405E+01
 200  1.000000  1.0000E+00 -4.5527E+01
 GUESSED PERIOD=  2.000000E+03 SEC
 NTRY=  1 EIG=  9.8696044E-06 DEIG=  7.48322E-07
 NTRY=  2 EIG=  1.0617926E-05 DEIG= -9.33728E-08
 NTRY=  3 EIG=  1.0524554E-05 DEIG=  2.23255E-09
 NTRY=  4 EIG=  1.0526786E-05 DEIG= -3.46425E-12
 FINAL VALUES: PERIOD=   1.936565E+03 EIG=  1.052678268E-05
  6 RADIAL NODES IN Y1
                   2(N, R/R* ,  Y1  ,  Y2)
   2   .032243  4.8480E-04 -2.3660E-03   3   .040970  4.8416E-04 -2.3545E-03
   4   .047248  4.8316E-04 -2.3443E-03   5   .052374  4.8211E-04 -2.3349E-03
   6   .056813  4.8107E-04 -2.3258E-03   7   .060792  4.8003E-04 -2.3171E-03
   8   .064439  4.7900E-04 -2.3084E-03   9   .067837  4.7797E-04 -2.2999E-03
  10   .071040  4.7694E-04 -2.2913E-03  11   .074087  4.7591E-04 -2.2828E-03
  12   .077008  4.7487E-04 -2.2742E-03  13   .079824  4.7382E-04 -2.2656E-03
  14   .082553  4.7277E-04 -2.2569E-03  15   .085209  4.7170E-04 -2.2481E-03
  16   .087803  4.7062E-04 -2.2392E-03  17   .090344  4.6952E-04 -2.2301E-03
  18   .092840  4.6841E-04 -2.2209E-03  19   .095298  4.6727E-04 -2.2115E-03
  20   .097724  4.6612E-04 -2.2020E-03  21   .100122  4.6495E-04 -2.1922E-03
  22   .102496  4.6375E-04 -2.1823E-03  23   .104851  4.6253E-04 -2.1721E-03
  24   .107190  4.6129E-04 -2.1617E-03  25   .109516  4.6002E-04 -2.1511E-03
  26   .111832  4.5872E-04 -2.1402E-03  27   .114139  4.5739E-04 -2.1291E-03
  28   .116442  4.5603E-04 -2.1177E-03  29   .118740  4.5464E-04 -2.1059E-03
  30   .121037  4.5322E-04 -2.0939E-03  31   .123335  4.5176E-04 -2.0816E-03
  32   .125633  4.5026E-04 -2.0689E-03  33   .127936  4.4873E-04 -2.0559E-03
  34   .130243  4.4715E-04 -2.0425E-03  35   .132556  4.4554E-04 -2.0287E-03
  36   .134876  4.4388E-04 -2.0145E-03  37   .137205  4.4218E-04 -1.9999E-03
  38   .139544  4.4043E-04 -1.9849E-03  39   .141894  4.3863E-04 -1.9694E-03
  40   .144255  4.3678E-04 -1.9534E-03  41   .146630  4.3488E-04 -1.9370E-03
  42   .149018  4.3293E-04 -1.9200E-03  43   .151421  4.3091E-04 -1.9025E-03
  44   .153840  4.2884E-04 -1.8844E-03  45   .156275  4.2671E-04 -1.8658E-03
  46   .158728  4.2451E-04 -1.8465E-03  47   .161199  4.2225E-04 -1.8266E-03
  48   .163690  4.1992E-04 -1.8060E-03  49   .166200  4.1751E-04 -1.7848E-03
  50   .168731  4.1503E-04 -1.7628E-03  51   .171284  4.1248E-04 -1.7400E-03
  52   .173858  4.0984E-04 -1.7165E-03  53   .176456  4.0711E-04 -1.6921E-03
  54   .179078  4.0430E-04 -1.6669E-03  55   .181724  4.0140E-04 -1.6408E-03
  56   .184396  3.9840E-04 -1.6137E-03  57   .187093  3.9530E-04 -1.5857E-03
  58   .189817  3.9210E-04 -1.5566E-03  59   .192569  3.8879E-04 -1.5264E-03
  60   .195348  3.8537E-04 -1.4951E-03  61   .198157  3.8183E-04 -1.4626E-03
  62   .200995  3.7816E-04 -1.4289E-03  63   .203864  3.7437E-04 -1.3939E-03
  64   .206763  3.7045E-04 -1.3576E-03  65   .209694  3.6639E-04 -1.3198E-03
  66   .212657  3.6218E-04 -1.2806E-03  67   .215654  3.5782E-04 -1.2398E-03
  68   .218684  3.5330E-04 -1.1973E-03  69   .221749  3.4862E-04 -1.1532E-03
  70   .224850  3.4376E-04 -1.1073E-03  71   .227988  3.3872E-04 -1.0595E-03
  72   .231165  3.3349E-04 -1.0097E-03  73   .234381  3.2805E-04 -9.5785E-04
  74   .237639  3.2241E-04 -9.0386E-04  75   .240938  3.1655E-04 -8.4761E-04
  76   .244282  3.1045E-04 -7.8900E-04  77   .247671  3.0411E-04 -7.2790E-04
  78   .251106  2.9751E-04 -6.6421E-04  79   .254589  2.9065E-04 -5.9780E-04
  80   .258122  2.8350E-04 -5.2856E-04  81   .261707  2.7606E-04 -4.5637E-04
  82   .265344  2.6831E-04 -3.8107E-04  83   .269035  2.6022E-04 -3.0256E-04
  84   .272782  2.5180E-04 -2.2071E-04  85   .276587  2.4302E-04 -1.3535E-04
  86   .280452  2.3386E-04 -4.6374E-05  87   .284378  2.2431E-04  4.6356E-05
  88   .288367  2.1435E-04  1.4295E-04  89   .292421  2.0395E-04  2.4355E-04
  90   .296542  1.9310E-04  3.4827E-04  91   .300732  1.8178E-04  4.5719E-04
  92   .304993  1.6996E-04  5.7040E-04  93   .309328  1.5764E-04  6.8796E-04
  94   .313737  1.4478E-04  8.0993E-04  95   .318225  1.3137E-04  9.3628E-04
  96   .322792  1.1738E-04  1.0670E-03  97   .327442  1.0281E-04  1.2020E-03
  98   .332176  8.7632E-05  1.3411E-03  99   .336997  7.1829E-05  1.4841E-03
 100   .341908  5.5391E-05  1.6308E-03 101   .346910  3.8310E-05  1.7806E-03
 102   .352008  2.0579E-05  1.9331E-03 103   .357193  2.1788E-06  2.0878E-03
 104   .362487 -1.6835E-05  2.2435E-03 105   .367884 -3.6477E-05  2.3993E-03
 106   .373386 -5.6718E-05  2.5540E-03 107   .378997 -7.7522E-05  2.7060E-03
 108   .384718 -9.8838E-05  2.8534E-03 109   .390554 -1.2060E-04  2.9941E-03
 110   .396506 -1.4272E-04  3.1255E-03 111   .402578 -1.6508E-04  3.2446E-03
 112   .408773 -1.8756E-04  3.3477E-03 113   .415093 -2.0998E-04  3.4309E-03
 114   .421541 -2.3214E-04  3.4893E-03 115   .428120 -2.5380E-04  3.5177E-03
 116   .434833 -2.7467E-04  3.5099E-03 117   .441682 -2.9440E-04  3.4592E-03
 118   .448669 -3.1261E-04  3.3581E-03 119   .455798 -3.2885E-04  3.1983E-03
 120   .463070 -3.4258E-04  2.9711E-03 121   .470488 -3.5324E-04  2.6672E-03
 122   .478053 -3.6016E-04  2.2770E-03 123   .485767 -3.6263E-04  1.7910E-03
 124   .493631 -3.5987E-04  1.2001E-03 125   .501647 -3.5105E-04  4.9653E-04
 126   .509815 -3.3533E-04 -3.2578E-04 127   .518136 -3.1183E-04 -1.2699E-03
 128   .526611 -2.7974E-04 -2.3346E-03 129   .535237 -2.3831E-04 -3.5131E-03
 130   .544015 -1.8695E-04 -4.7908E-03 131   .552943 -1.2527E-04 -6.1435E-03
 132   .562020 -5.3230E-05 -7.5349E-03 133   .571243  2.8778E-05 -8.9144E-03
 134   .580608  1.1980E-04 -1.0214E-02 135   .590112  2.1816E-04 -1.1349E-02
 136   .599751  3.2135E-04 -1.2211E-02 137   .609518  4.2583E-04 -1.2675E-02
 138   .619409  5.2699E-04 -1.2598E-02 139   .629415  6.1905E-04 -1.1823E-02
 140   .639530  6.9504E-04 -1.0188E-02 141   .649744  7.4702E-04 -7.5452E-03
 142   .660049  7.6631E-04 -3.7711E-03 143   .670434  7.4396E-04  1.2005E-03
 144   .680888  6.7156E-04  7.3493E-03 145   .691398  5.4213E-04  1.4531E-02
 146   .701953  3.5145E-04  2.2435E-02 147   .712537  9.9452E-05  3.0548E-02
 148   .723137 -2.0811E-04  3.8123E-02 149   .733738 -5.5813E-04  4.4161E-02
 150   .744323 -9.2887E-04  4.7435E-02 151   .754877 -1.2892E-03  4.6544E-02
 152   .765381 -1.5988E-03  4.0033E-02 153   .775819 -1.8101E-03  2.6579E-02
 154   .786172 -1.8710E-03  5.2516E-03 155   .796423 -1.7311E-03 -2.4149E-02
 156   .806552 -1.3485E-03 -6.0712E-02 157   .816542 -6.9948E-04 -1.0202E-01
 158   .826375  2.1147E-04 -1.4380E-01 159   .836032  1.3414E-03 -1.7973E-01
 160   .845496  2.6009E-03 -2.0152E-01 161   .854750  3.8496E-03 -1.9927E-01
 162   .863777  4.8992E-03 -1.6242E-01 163   .872561  5.5234E-03 -8.1188E-02
 164   .881089  5.4792E-03  5.1420E-02 165   .889345  4.5374E-03  2.3708E-01
 166   .897318  2.5225E-03  4.6925E-01 167   .904996 -6.4128E-04  7.3022E-01
 168   .912370 -4.8828E-03  9.8842E-01 169   .919432 -9.9416E-03  1.1964E+00
 170   .926176 -1.5336E-02  1.2897E+00 171   .932597 -2.0350E-02  1.1874E+00
 172   .938694 -2.4038E-02  7.9415E-01 173   .944467 -2.5256E-02  3.3990E-03
 174   .949920 -2.2713E-02 -1.2973E+00 175   .955060 -1.5029E-02 -3.2201E+00
 176   .959898 -8.1411E-04 -5.8687E+00 177   .964444  2.1262E-02 -9.3284E+00
 178   .968713  5.2379E-02 -1.3653E+01 179   .972714  9.3429E-02 -1.8848E+01
 180   .976449  1.4477E-01 -2.4850E+01 181   .979904  2.0584E-01 -3.1520E+01
 182   .983047  2.7473E-01 -3.8663E+01 183   .985849  3.4854E-01 -4.6096E+01
 184   .988320  4.2485E-01 -5.3711E+01 185   .990516  5.0283E-01 -6.1483E+01
 186   .992168  5.6875E-01 -6.8018E+01 187   .993458  6.2520E-01 -7.3543E+01
 188   .994497  6.7413E-01 -7.8238E+01 189   .995351  7.1703E-01 -8.2252E+01
 190   .996063  7.5518E-01 -8.5705E+01 191   .996664  7.8999E-01 -8.8680E+01
 192   .997171  8.2241E-01 -9.1223E+01 193   .997603  8.5147E-01 -9.3373E+01
 194   .997981  8.7592E-01 -9.5214E+01 195   .998321  8.9676E-01 -9.6851E+01
 196   .998639  9.1585E-01 -9.8355E+01 197   .998947  9.3444E-01 -9.9761E+01
 198   .999260  9.5353E-01 -1.0107E+02 199   .999597  9.7444E-01 -1.0221E+02
 200  1.000000  1.0000E+00 -1.0283E+02
