   2   .032243  3.8354E-03 -1.8718E-02   3   .040970  3.8356E-03 -1.8724E-02
   4   .047248  3.8358E-03 -1.8729E-02   5   .052374  3.8361E-03 -1.8733E-02
   6   .056813  3.8364E-03 -1.8737E-02   7   .060792  3.8367E-03 -1.8741E-02
   8   .064439  3.8369E-03 -1.8745E-02   9   .067837  3.8372E-03 -1.8749E-02
  10   .071040  3.8374E-03 -1.8752E-02  11   .074087  3.8376E-03 -1.8755E-02
  12   .077008  3.8379E-03 -1.8759E-02  13   .079824  3.8381E-03 -1.8762E-02
  14   .082553  3.8383E-03 -1.8765E-02  15   .085209  3.8385E-03 -1.8768E-02
  16   .087803  3.8387E-03 -1.8771E-02  17   .090344  3.8389E-03 -1.8774E-02
  18   .092840  3.8391E-03 -1.8777E-02  19   .095298  3.8393E-03 -1.8780E-02
  20   .097724  3.8395E-03 -1.8783E-02  21   .100122  3.8397E-03 -1.8786E-02
  22   .102496  3.8399E-03 -1.8789E-02  23   .104851  3.8401E-03 -1.8791E-02
  24   .107190  3.8403E-03 -1.8794E-02  25   .109516  3.8404E-03 -1.8797E-02
  26   .111832  3.8406E-03 -1.8799E-02  27   .114139  3.8408E-03 -1.8802E-02
  28   .116442  3.8409E-03 -1.8804E-02  29   .118740  3.8411E-03 -1.8807E-02
  30   .121037  3.8412E-03 -1.8809E-02  31   .123335  3.8413E-03 -1.8811E-02
  32   .125633  3.8415E-03 -1.8813E-02  33   .127936  3.8416E-03 -1.8815E-02
  34   .130243  3.8417E-03 -1.8817E-02  35   .132556  3.8418E-03 -1.8819E-02
  36   .134876  3.8419E-03 -1.8821E-02  37   .137205  3.8419E-03 -1.8822E-02
  38   .139544  3.8420E-03 -1.8823E-02  39   .141894  3.8421E-03 -1.8825E-02
  40   .144255  3.8421E-03 -1.8826E-02  41   .146630  3.8421E-03 -1.8826E-02
  42   .149018  3.8421E-03 -1.8827E-02  43   .151421  3.8421E-03 -1.8827E-02
  44   .153840  3.8420E-03 -1.8827E-02  45   .156275  3.8420E-03 -1.8827E-02
  46   .158728  3.8419E-03 -1.8827E-02  47   .161199  3.8418E-03 -1.8826E-02
  48   .163690  3.8416E-03 -1.8825E-02  49   .166200  3.8415E-03 -1.8823E-02
  50   .168731  3.8413E-03 -1.8821E-02  51   .171284  3.8410E-03 -1.8818E-02
  52   .173858  3.8407E-03 -1.8815E-02  53   .176456  3.8404E-03 -1.8812E-02
  54   .179078  3.8400E-03 -1.8808E-02  55   .181724  3.8396E-03 -1.8803E-02
  56   .184396  3.8392E-03 -1.8798E-02  57   .187093  3.8387E-03 -1.8792E-02
  58   .189817  3.8381E-03 -1.8785E-02  59   .192569  3.8374E-03 -1.8777E-02
  60   .195348  3.8367E-03 -1.8768E-02  61   .198157  3.8359E-03 -1.8758E-02
  62   .200995  3.8351E-03 -1.8747E-02  63   .203864  3.8341E-03 -1.8735E-02
  64   .206763  3.8330E-03 -1.8722E-02  65   .209694  3.8319E-03 -1.8707E-02
  66   .212657  3.8306E-03 -1.8691E-02  67   .215654  3.8292E-03 -1.8673E-02
  68   .218684  3.8277E-03 -1.8653E-02  69   .221749  3.8261E-03 -1.8631E-02
  70   .224850  3.8242E-03 -1.8607E-02  71   .227988  3.8223E-03 -1.8581E-02
  72   .231165  3.8201E-03 -1.8552E-02  73   .234381  3.8178E-03 -1.8520E-02
  74   .237639  3.8153E-03 -1.8486E-02  75   .240938  3.8125E-03 -1.8448E-02
  76   .244282  3.8096E-03 -1.8407E-02  77   .247671  3.8063E-03 -1.8361E-02
  78   .251106  3.8028E-03 -1.8312E-02  79   .254589  3.7990E-03 -1.8258E-02
  80   .258122  3.7948E-03 -1.8199E-02  81   .261707  3.7903E-03 -1.8134E-02
  82   .265344  3.7853E-03 -1.8063E-02  83   .269035  3.7800E-03 -1.7986E-02
  84   .272782  3.7741E-03 -1.7901E-02  85   .276587  3.7678E-03 -1.7809E-02
  86   .280452  3.7608E-03 -1.7708E-02  87   .284378  3.7533E-03 -1.7597E-02
  88   .288367  3.7451E-03 -1.7476E-02  89   .292421  3.7361E-03 -1.7343E-02
  90   .296542  3.7263E-03 -1.7197E-02  91   .300732  3.7155E-03 -1.7038E-02
  92   .304993  3.7038E-03 -1.6864E-02  93   .309328  3.6910E-03 -1.6672E-02
  94   .313737  3.6770E-03 -1.6462E-02  95   .318225  3.6616E-03 -1.6232E-02
  96   .322792  3.6448E-03 -1.5980E-02  97   .327442  3.6264E-03 -1.5702E-02
  98   .332176  3.6062E-03 -1.5398E-02  99   .336997  3.5840E-03 -1.5063E-02
 100   .341908  3.5597E-03 -1.4695E-02 101   .346910  3.5330E-03 -1.4290E-02
 102   .352008  3.5036E-03 -1.3845E-02 103   .357193  3.4712E-03 -1.3355E-02
 104   .362487  3.4356E-03 -1.2815E-02 105   .367884  3.3965E-03 -1.2221E-02
 106   .373386  3.3533E-03 -1.1566E-02 107   .378997  3.3058E-03 -1.0844E-02
 108   .384718  3.2534E-03 -1.0048E-02 109   .390554  3.1956E-03 -9.1696E-03
 110   .396506  3.1318E-03 -8.2005E-03 111   .402578  3.0614E-03 -7.1307E-03
 112   .408773  2.9835E-03 -5.9497E-03 113   .415093  2.8976E-03 -4.6456E-03
 114   .421541  2.8026E-03 -3.2054E-03 115   .428120  2.6975E-03 -1.6147E-03
 116   .434833  2.5814E-03  1.4208E-04 117   .441682  2.4529E-03  2.0822E-03
 118   .448669  2.3108E-03  4.2243E-03 119   .455798  2.1537E-03  6.5889E-03
 120   .463070  1.9798E-03  9.1979E-03 121   .470488  1.7876E-03  1.2075E-02
 122   .478053  1.5750E-03  1.5245E-02 123   .485767  1.3401E-03  1.8736E-02
 124   .493631  1.0806E-03  2.2575E-02 125   .501647  7.9415E-04  2.6791E-02
 126   .509815  4.7816E-04  3.1413E-02 127   .518136  1.2996E-04  3.6472E-02
 128   .526611 -2.5328E-04  4.1995E-02 129   .535237 -6.7447E-04  4.8008E-02
 130   .544015 -1.1366E-03  5.4532E-02 131   .552943 -1.6426E-03  6.1585E-02
 132   .562020 -2.1953E-03  6.9172E-02 133   .571243 -2.7974E-03  7.7289E-02
 134   .580608 -3.4511E-03  8.5914E-02 135   .590112 -4.1583E-03  9.5003E-02
 136   .599751 -4.9199E-03  1.0449E-01 137   .609518 -5.7359E-03  1.1425E-01
 138   .619409 -6.6049E-03  1.2415E-01 139   .629415 -7.5236E-03  1.3398E-01
 140   .639530 -8.4865E-03  1.4344E-01 141   .649744 -9.4853E-03  1.5218E-01
 142   .660049 -1.0508E-02  1.5973E-01 143   .670434 -1.1539E-02  1.6549E-01
 144   .680888 -1.2556E-02  1.6872E-01 145   .691398 -1.3533E-02  1.6852E-01
 146   .701953 -1.4435E-02  1.6376E-01 147   .712537 -1.5218E-02  1.5310E-01
 148   .723137 -1.5833E-02  1.3495E-01 149   .733738 -1.6216E-02  1.0742E-01
 150   .744323 -1.6294E-02  6.8316E-02 151   .754877 -1.5981E-02  1.5084E-02
 152   .765381 -1.5178E-02 -5.5173E-02 153   .775819 -1.3773E-02 -1.4573E-01
 154   .786172 -1.1640E-02 -2.6022E-01 155   .796423 -8.6398E-03 -4.0266E-01
 156   .806552 -4.6221E-03 -5.7737E-01 157   .816542  5.7479E-04 -7.8898E-01
 158   .826375  7.1202E-03 -1.0423E+00 159   .836032  1.5188E-02 -1.3423E+00
 160   .845496  2.4953E-02 -1.6940E+00 161   .854750  3.6587E-02 -2.1021E+00
 162   .863777  5.0249E-02 -2.5714E+00 163   .872561  6.6087E-02 -3.1058E+00
 164   .881089  8.4223E-02 -3.7089E+00 165   .889345  1.0475E-01 -4.3835E+00
 166   .897318  1.2774E-01 -5.1313E+00 167   .904996  1.5321E-01 -5.9529E+00
 168   .912370  1.8114E-01 -6.8480E+00 169   .919432  2.1147E-01 -7.8148E+00
 170   .926176  2.4408E-01 -8.8504E+00 171   .932597  2.7883E-01 -9.9506E+00
 172   .938694  3.1551E-01 -1.1110E+01 173   .944467  3.5392E-01 -1.2324E+01
 174   .949920  3.9380E-01 -1.3584E+01 175   .955060  4.3491E-01 -1.4885E+01
 176   .959898  4.7702E-01 -1.6217E+01 177   .964444  5.1990E-01 -1.7572E+01
 178   .968713  5.6332E-01 -1.8938E+01 179   .972714  6.0702E-01 -2.0301E+01
 180   .976449  6.5059E-01 -2.1640E+01 181   .979904  6.9337E-01 -2.2930E+01
 182   .983047  7.3439E-01 -2.4149E+01 183   .985849  7.7265E-01 -2.5286E+01
 184   .988320  8.0775E-01 -2.6342E+01 185   .990516  8.4009E-01 -2.7331E+01
 186   .992168  8.6521E-01 -2.8108E+01 187   .993458  8.8541E-01 -2.8732E+01
 188   .994497  9.0208E-01 -2.9242E+01 189   .995351  9.1614E-01 -2.9665E+01
 190   .996063  9.2828E-01 -3.0021E+01 191   .996664  9.3912E-01 -3.0322E+01
 192   .997171  9.4907E-01 -3.0575E+01 193   .997603  9.5785E-01 -3.0786E+01
 194   .997981  9.6509E-01 -3.0964E+01 195   .998321  9.7113E-01 -3.1122E+01
 196   .998639  9.7657E-01 -3.1265E+01 197   .998947  9.8182E-01 -3.1398E+01
 198   .999260  9.8715E-01 -3.1522E+01 199   .999597  9.9295E-01 -3.1629E+01
 200  1.000000  1.0000E+00 -3.1689E+01